ID,Full Name,Gender,Age,State,Job Classification,Date Joined,Balance,marital,education,houseloan,otherloan,contact,duration,campaign,poutcome,y,Customer ID
1,Christy  Olson,Male,21,California,White Collar,05.Jan.2017,"$169,864.42 ",married,primary,no,no,cellular,79,1,unknown,no,A01
2,Dan  Peterson,Female,34,Oregon,Blue Collar,06.Jan.2017,"$55,102.60 ",married,secondary,yes,yes,cellular,220,1,failure,no,A02
3,Mable  Lindsey,Male,46,California,White Collar,07.Jan.2017,"$151,546.03 ",single,tertiary,yes,no,cellular,185,1,failure,no,A03
4,Kyle  Carr,Male,32,Wyoming,White Collar,08.Jan.2017,"$2,120.19 ",married,tertiary,yes,yes,unknown,199,4,unknown,no,A04
5,Rachel  Gomez,Female,38,California,Blue Collar,09.Jan.2017,"$53,192.24 ",married,secondary,yes,no,unknown,226,1,unknown,no,A05
6,Isabel  Cross,Female,30,Wyoming,Blue Collar,09.Jan.2017,"$182,750.42 ",single,tertiary,no,no,cellular,141,2,failure,no,A06
7,Billie  Chandler,Female,34,California,Blue Collar,11.Jan.2017,"$63,998.28 ",married,tertiary,yes,no,cellular,341,1,other,no,A07
8,Sylvester  Morales,Female,48,Nevada,Other,11.Jan.2017,"$54,745.04 ",married,secondary,yes,no,cellular,151,2,unknown,no,A08
9,Rachel  Gomez,Female,33,Wyoming,White Collar,11.Jan.2017,"$110,870.69 ",married,tertiary,yes,no,unknown,57,2,unknown,no,A09
10,Beth  Tucker,Male,42,California,White Collar,12.Jan.2017,"$16,285.76 ",married,primary,yes,yes,cellular,313,1,failure,no,A010
11,Shari  Silva,Male,40,California,White Collar,12.Jan.2017,"$59,204.24 ",married,secondary,yes,no,unknown,273,1,unknown,no,A011
12,Drew  Rogers,Male,39,California,White Collar,12.Jan.2017,"$48,180.04 ",married,secondary,yes,no,cellular,113,2,unknown,no,A012
13,Arturo  Francis,Male,24,California,White Collar,12.Jan.2017,"$60,866.63 ",married,tertiary,no,no,cellular,328,2,unknown,no,A013
14,Mable  Lindsey,Male,46,Nevada,Other,12.Jan.2017,"$72,821.60 ",single,secondary,no,no,cellular,261,1,unknown,yes,A014
15,Shari  Silva,Female,36,Wyoming,Other,12.Jan.2017,"$4,246.33 ",married,secondary,yes,yes,cellular,89,1,failure,no,A015
16,Rachel  Gomez,Male,42,California,White Collar,14.Jan.2017,"$3,158.00 ",married,tertiary,no,yes,cellular,189,2,unknown,no,A016
17,Jenny  Garcia,Female,31,Nevada,Other,14.Jan.2017,"$15,455.70 ",married,secondary,no,no,cellular,239,5,unknown,no,A017
18,Colleen  Warren,Female,42,Nevada,Other,14.Jan.2017,"$5,672.69 ",single,tertiary,yes,no,cellular,114,1,failure,no,A018
19,Pauline  Beck,Male,40,California,Blue Collar,15.Jan.2017,"$97,811.49 ",single,primary,yes,no,unknown,250,1,unknown,no,A019
20,Shari  Silva,Female,46,California,Blue Collar,15.Jan.2017,"$17,106.94 ",married,secondary,no,no,cellular,148,1,other,no,A020
21,Jenny  Garcia,Male,37,Wyoming,Other,16.Jan.2017,"$47,429.72 ",divorced,unknown,yes,no,cellular,96,2,unknown,no,A021
22,Ben  Perez,Male,58,Nevada,Blue Collar,18.Jan.2017,"$31,719.37 ",divorced,tertiary,no,no,cellular,140,3,unknown,no,A022
23,Cassandra  Franklin,Female,41,Wyoming,White Collar,18.Jan.2017,"$99,678.79 ",single,secondary,no,no,unknown,109,2,unknown,no,A023
24,Elaine  Ellis,Male,52,Nevada,Blue Collar,19.Jan.2017,"$9,820.63 ",married,secondary,no,no,cellular,125,2,unknown,no,A024
25,Beth  Tucker,Female,38,California,White Collar,20.Jan.2017,"$30,603.48 ",married,tertiary,no,no,cellular,169,3,unknown,no,A025
26,Cassandra  Franklin,Male,55,Nevada,Blue Collar,21.Jan.2017,"$64,549.66 ",married,tertiary,no,no,cellular,182,2,unknown,no,A026
27,Colleen  Warren,Female,37,Oregon,White Collar,23.Jan.2017,"$5,919.72 ",married,primary,yes,no,unknown,247,1,unknown,no,A027
28,Cassandra  Franklin,Female,33,California,White Collar,25.Jan.2017,"$5,115.78 ",married,unknown,no,no,telephone,119,1,failure,no,A028
29,Cassandra  Franklin,Male,50,Nevada,Blue Collar,25.Jan.2017,"$30,619.57 ",married,secondary,no,yes,cellular,149,2,unknown,no,A029
30,Nellie  Joseph,Male,42,California,White Collar,27.Jan.2017,"$16,138.57 ",married,secondary,no,yes,cellular,74,2,unknown,no,A030
31,Guillermo  Potter,Female,25,California,White Collar,28.Jan.2017,"$58,042.94 ",divorced,secondary,no,no,telephone,897,2,unknown,yes,A031
32,Lynette  Brewer,Male,30,Wyoming,White Collar,28.Jan.2017,"$21,034.36 ",married,secondary,no,no,cellular,81,3,unknown,no,A032
33,Rachel  Gomez,Female,58,Nevada,Other,29.Jan.2017,"$38,603.30 ",married,secondary,no,no,cellular,40,1,unknown,no,A033
34,Lance  Yates,Male,26,California,Other,30.Jan.2017,"$8,705.42 ",single,tertiary,yes,no,cellular,958,6,unknown,yes,A034
35,Arturo  Francis,Female,34,California,Blue Collar,31.Jan.2017,"$116,132.24 ",married,tertiary,no,no,cellular,354,3,unknown,yes,A035
36,Lula  Daniels,Female,36,California,White Collar,31.Jan.2017,"$47,283.10 ",divorced,secondary,yes,no,unknown,150,1,unknown,no,A036
37,Bethany  Pena,Female,33,California,White Collar,31.Jan.2017,"$30,602.06 ",divorced,primary,no,no,telephone,97,1,unknown,yes,A037
38,Robert  Munoz,Male,31,California,Other,31.Jan.2017,"$8,488.61 ",married,secondary,yes,no,cellular,132,1,unknown,yes,A038
39,Shari  Silva,Male,35,Nevada,Blue Collar,31.Jan.2017,"$19,175.52 ",married,secondary,yes,no,cellular,765,1,failure,yes,A039
40,Cindy  Becker,Male,59,Nevada,Other,31.Jan.2017,"$170,828.72 ",single,tertiary,yes,no,unknown,16,18,unknown,no,A040
41,Guillermo  Potter,Male,27,California,Blue Collar,01.Feb.2017,"$76,733.75 ",single,tertiary,yes,no,unknown,609,2,failure,no,A041
42,Sandra  Floyd,Female,35,California,White Collar,01.Feb.2017,"$14,469.72 ",single,tertiary,no,no,cellular,106,2,unknown,no,A042
43,Billie  Chandler,Male,49,Nevada,Blue Collar,01.Feb.2017,"$170,179.43 ",married,secondary,yes,no,cellular,365,1,unknown,no,A043
44,Isabel  Cross,Female,22,Oregon,Other,01.Feb.2017,"$160,786.69 ",married,tertiary,yes,no,cellular,205,3,unknown,no,A044
45,Bernadette  Page,Female,53,California,Other,03.Feb.2017,"$4,316.72 ",single,tertiary,yes,no,cellular,11,4,unknown,no,A045
46,Andrew  Meyer,Female,47,Nevada,Other,03.Feb.2017,"$81,475.55 ",single,tertiary,yes,no,unknown,105,2,unknown,no,A046
47,Lee  Mack,Female,32,Nevada,Other,03.Feb.2017,"$88,806.93 ",married,primary,no,no,telephone,59,3,other,no,A047
48,Bobbie  Ryan,Female,19,Oregon,Other,08.Feb.2017,"$21,398.25 ",married,primary,yes,no,unknown,425,1,unknown,no,A048
49,Trevor  Jones,Male,27,California,White Collar,12.Feb.2017,"$35,702.84 ",single,primary,yes,yes,cellular,204,1,unknown,no,A049
50,Eric  Rose,Male,39,California,White Collar,12.Feb.2017,"$58,258.43 ",married,unknown,yes,no,cellular,181,1,success,yes,A050
51,Donna  Reid,Female,29,California,Blue Collar,12.Feb.2017,"$2,090.21 ",divorced,primary,no,no,unknown,1018,3,unknown,yes,A051
52,Ivan  Adkins,Female,31,California,Blue Collar,12.Feb.2017,"$62,127.25 ",single,secondary,yes,no,cellular,1740,2,unknown,no,A052
53,Billie  Chandler,Female,37,California,Other,12.Feb.2017,"$70,971.21 ",single,secondary,no,no,cellular,98,2,unknown,no,A053
54,Jenny  Garcia,Female,32,California,White Collar,12.Feb.2017,"$36,099.99 ",married,tertiary,yes,no,cellular,441,1,other,yes,A054
55,Andrew  Meyer,Male,24,California,White Collar,12.Feb.2017,"$7,330.18 ",married,secondary,yes,no,cellular,272,3,unknown,no,A055
56,Brooke  Horton,Male,40,California,White Collar,12.Feb.2017,"$87,149.94 ",married,secondary,yes,no,telephone,159,2,unknown,no,A056
57,Max  Rodgers,Female,33,California,Blue Collar,12.Feb.2017,"$86,616.27 ",married,secondary,no,yes,telephone,140,1,unknown,no,A057
58,Eric  Rose,Male,44,California,White Collar,12.Feb.2017,"$53,477.93 ",single,tertiary,no,no,cellular,295,1,unknown,no,A058
59,Rachel  Gomez,Male,39,California,Other,12.Feb.2017,"$2,804.27 ",single,secondary,yes,yes,unknown,314,1,unknown,no,A059
60,Max  Rodgers,Male,47,California,White Collar,12.Feb.2017,"$34,887.43 ",divorced,secondary,yes,yes,unknown,579,1,unknown,no,A060
61,Robert  Munoz,Female,35,California,White Collar,12.Feb.2017,"$6,843.64 ",married,primary,no,yes,telephone,554,3,unknown,no,A061
62,Don  Gonzales,Female,47,California,Other,12.Feb.2017,"$30,351.96 ",married,secondary,yes,no,cellular,323,1,unknown,no,A062
63,Cecilia  Manning,Male,47,California,White Collar,12.Feb.2017,"$33,453.64 ",married,tertiary,no,no,cellular,227,2,unknown,no,A063
64,Cindy  Becker,Female,39,California,White Collar,12.Feb.2017,"$60,155.60 ",married,secondary,no,no,cellular,134,2,unknown,no,A064
65,Brooke  Horton,Female,50,Nevada,Other,12.Feb.2017,"$27,000.55 ",married,secondary,no,no,cellular,223,1,unknown,no,A065
66,Ivan  Adkins,Male,43,Nevada,Blue Collar,12.Feb.2017,"$29,963.90 ",divorced,secondary,yes,no,cellular,134,1,failure,no,A066
67,Christina  Fuller,Male,47,Nevada,Blue Collar,12.Feb.2017,"$7,909.67 ",married,secondary,yes,no,cellular,155,1,unknown,no,A067
68,Peter  Hodges,Male,61,Nevada,Blue Collar,12.Feb.2017,"$10,688.72 ",married,secondary,yes,no,cellular,130,4,unknown,no,A068
69,Ben  Perez,Male,53,Nevada,Blue Collar,12.Feb.2017,"$53,358.78 ",married,secondary,no,yes,cellular,630,3,unknown,no,A069
70,Andrew  Meyer,Male,45,Nevada,Other,12.Feb.2017,"$22,407.12 ",single,tertiary,no,no,cellular,164,2,unknown,no,A070
71,Peter  Hodges,Male,49,Nevada,Blue Collar,12.Feb.2017,"$104,537.99 ",married,tertiary,no,no,cellular,268,2,success,yes,A071
72,Billie  Chandler,Female,51,Nevada,Other,12.Feb.2017,"$53,636.40 ",divorced,tertiary,yes,no,unknown,380,1,unknown,no,A072
73,Robert  Munoz,Female,36,Wyoming,White Collar,12.Feb.2017,"$61,852.40 ",single,tertiary,yes,no,unknown,154,2,unknown,no,A073
74,Salvador  Bass,Male,45,Wyoming,Other,12.Feb.2017,"$54,770.04 ",married,tertiary,yes,no,unknown,154,5,unknown,no,A074
75,Salvador  Bass,Female,30,Oregon,White Collar,12.Feb.2017,$29.91 ,married,secondary,yes,no,unknown,221,1,unknown,no,A075
76,Bobbie  Ryan,Male,44,Nevada,Blue Collar,24.Feb.2017,"$86,920.39 ",divorced,tertiary,no,no,cellular,67,2,unknown,no,A076
77,Andrew  Meyer,Male,38,California,White Collar,09.Mar.2017,"$42,549.96 ",divorced,secondary,yes,no,cellular,367,2,other,no,A077
78,Drew  Rogers,Female,36,California,Other,10.Mar.2017,"$57,782.78 ",single,secondary,no,yes,cellular,87,6,unknown,no,A078
79,Isabel  Cross,Female,23,Wyoming,Blue Collar,15.Mar.2017,"$10,999.30 ",divorced,primary,no,no,cellular,701,1,unknown,no,A079
80,Della  Jensen,Male,34,California,White Collar,16.Mar.2017,$364.88 ,married,secondary,yes,no,cellular,204,2,failure,no,A080
81,Lorraine  Gibson,Female,36,California,White Collar,16.Mar.2017,"$89,454.87 ",divorced,secondary,yes,no,cellular,652,1,unknown,yes,A081
82,Shari  Silva,Male,20,California,White Collar,16.Mar.2017,"$17,348.31 ",married,primary,no,no,cellular,63,2,unknown,no,A082
83,Drew  Rogers,Male,31,California,Blue Collar,16.Mar.2017,"$13,948.76 ",single,secondary,yes,yes,cellular,150,1,unknown,no,A083
84,Iris  Underwood,Male,42,California,White Collar,16.Mar.2017,"$65,327.43 ",married,secondary,no,no,telephone,398,2,failure,yes,A084
85,Drew  Rogers,Female,38,California,White Collar,16.Mar.2017,"$94,986.87 ",married,tertiary,no,no,cellular,224,1,unknown,yes,A085
86,Jenny  Garcia,Male,39,California,White Collar,16.Mar.2017,"$34,074.76 ",married,primary,yes,no,unknown,406,2,unknown,no,A086
87,Lorraine  Gibson,Male,41,California,Other,16.Mar.2017,"$7,232.21 ",single,secondary,no,yes,cellular,60,4,unknown,no,A087
88,Elaine  Ellis,Female,24,California,White Collar,16.Mar.2017,"$106,821.69 ",single,primary,yes,no,unknown,521,2,unknown,no,A088
89,Eric  Rose,Female,24,California,White Collar,16.Mar.2017,"$63,296.87 ",married,secondary,yes,no,cellular,279,1,unknown,no,A089
90,Isabel  Cross,Female,35,California,White Collar,16.Mar.2017,"$6,259.07 ",married,secondary,yes,no,unknown,203,2,unknown,no,A090
91,Billie  Chandler,Male,35,California,White Collar,16.Mar.2017,"$112,854.76 ",married,primary,no,no,cellular,201,2,unknown,no,A091
92,Woodrow  Colon,Female,26,California,White Collar,16.Mar.2017,"$42,665.81 ",married,primary,yes,no,unknown,372,3,unknown,no,A092
93,Edwin  Malone,Male,23,California,White Collar,16.Mar.2017,"$21,937.40 ",single,secondary,yes,no,cellular,391,1,unknown,yes,A093
94,Paulette  Spencer,Female,38,California,Other,16.Mar.2017,"$65,721.30 ",single,tertiary,no,no,cellular,165,2,unknown,no,A094
95,Cassandra  Franklin,Female,30,California,White Collar,16.Mar.2017,"$82,157.25 ",married,secondary,no,no,cellular,231,5,unknown,no,A095
96,Allan  Ramos,Male,28,California,White Collar,16.Mar.2017,"$100,713.46 ",single,tertiary,no,no,cellular,291,2,unknown,no,A096
97,Eric  Rose,Female,38,California,Blue Collar,16.Mar.2017,"$92,372.93 ",married,tertiary,yes,no,unknown,149,2,unknown,no,A097
98,Cassandra  Franklin,Female,36,California,White Collar,16.Mar.2017,"$2,133.75 ",single,tertiary,no,no,cellular,233,1,failure,no,A098
99,Della  Jensen,Male,40,Nevada,Blue Collar,16.Mar.2017,"$8,143.09 ",divorced,secondary,no,no,cellular,473,1,success,no,A099
100,Shari  Silva,Female,56,Nevada,Other,16.Mar.2017,"$19,776.54 ",single,primary,no,no,cellular,736,1,unknown,yes,A0100
101,Austin  Reynolds,Male,51,Nevada,Blue Collar,16.Mar.2017,"$177,632.66 ",married,secondary,yes,no,unknown,337,1,unknown,no,A0101
102,Dan  Peterson,Female,44,Nevada,White Collar,16.Mar.2017,"$28,102.69 ",single,tertiary,yes,no,cellular,553,1,failure,no,A0102
103,Elbert  Klein,Female,55,Nevada,White Collar,16.Mar.2017,"$53,638.88 ",married,secondary,no,no,telephone,345,2,unknown,no,A0103
104,Nellie  Joseph,Female,57,Nevada,Other,16.Mar.2017,"$33,858.22 ",single,primary,yes,no,telephone,65,2,unknown,no,A0104
105,Robert  Munoz,Male,48,Nevada,White Collar,16.Mar.2017,"$127,025.51 ",single,secondary,no,no,unknown,9,1,unknown,no,A0105
106,Herman  Williams,Female,54,Nevada,Other,16.Mar.2017,"$67,122.45 ",single,tertiary,yes,no,cellular,259,2,failure,no,A0106
107,Cassandra  Franklin,Male,36,Nevada,Blue Collar,16.Mar.2017,"$18,829.03 ",married,secondary,yes,yes,unknown,371,3,unknown,no,A0107
108,Woodrow  Colon,Male,48,Nevada,Blue Collar,16.Mar.2017,"$35,686.39 ",married,tertiary,yes,no,cellular,280,2,unknown,no,A0108
109,Willie  Vega,Male,63,Nevada,Other,16.Mar.2017,"$109,642.87 ",married,primary,no,no,cellular,243,1,unknown,yes,A0109
110,Cassandra  Franklin,Male,63,Nevada,Blue Collar,16.Mar.2017,"$39,512.30 ",married,primary,yes,no,cellular,435,3,unknown,no,A0110
111,Lorraine  Gibson,Female,25,Wyoming,Other,16.Mar.2017,"$105,669.63 ",single,secondary,no,no,cellular,258,6,success,yes,A0111
112,Christina  Fuller,Male,26,Wyoming,White Collar,16.Mar.2017,"$30,786.06 ",married,tertiary,yes,no,telephone,7,5,unknown,no,A0112
113,Ivan  Adkins,Male,29,Oregon,White Collar,16.Mar.2017,"$122,729.15 ",married,secondary,yes,yes,cellular,317,5,unknown,no,A0113
114,Brooke  Horton,Female,18,Oregon,Other,16.Mar.2017,"$76,373.58 ",single,secondary,no,no,cellular,76,2,failure,no,A0114
115,Robert  Munoz,Female,43,Oregon,Blue Collar,16.Mar.2017,"$56,549.84 ",single,secondary,no,no,telephone,170,4,unknown,yes,A0115
116,Robert  Munoz,Female,36,California,Other,19.Mar.2017,"$32,545.24 ",single,secondary,no,yes,cellular,386,2,unknown,yes,A0116
117,Edwin  Malone,Female,40,California,Other,25.Mar.2017,"$18,529.12 ",married,secondary,yes,no,cellular,83,2,unknown,no,A0117
118,Tracy  Reed,Male,52,Nevada,Other,28.Mar.2017,"$101,017.81 ",single,secondary,no,yes,cellular,65,1,unknown,no,A0118
119,Rachel  Gomez,Female,18,California,White Collar,31.Mar.2017,"$50,034.96 ",married,primary,no,no,cellular,69,1,unknown,no,A0119
120,Elbert  Klein,Female,31,California,White Collar,31.Mar.2017,"$203,536.40 ",divorced,tertiary,no,no,unknown,564,2,unknown,no,A0120
121,Lynette  Brewer,Male,37,California,White Collar,31.Mar.2017,"$58,445.31 ",divorced,secondary,yes,no,cellular,588,1,unknown,no,A0121
122,Kyle  Carr,Male,25,California,Other,31.Mar.2017,"$5,577.78 ",married,primary,no,no,cellular,113,4,unknown,no,A0122
123,Max  Rodgers,Male,50,California,White Collar,31.Mar.2017,"$64,527.19 ",married,secondary,yes,no,unknown,16,1,unknown,no,A0123
124,Carla  Mccormick,Male,39,California,Other,01.Apr.2017,"$165,893.25 ",married,secondary,no,yes,cellular,779,2,unknown,no,A0124
125,Fernando  Rowe,Male,27,California,White Collar,01.Apr.2017,"$18,375.37 ",single,tertiary,yes,no,cellular,281,2,failure,no,A0125
126,Jaime  Pearson,Male,42,California,White Collar,01.Apr.2017,"$83,075.39 ",single,tertiary,no,no,cellular,1877,3,unknown,yes,A0126
127,Max  Rodgers,Female,27,California,White Collar,01.Apr.2017,"$15,642.52 ",single,secondary,no,no,unknown,51,1,unknown,no,A0127
128,Della  Jensen,Female,41,California,White Collar,01.Apr.2017,"$6,487.76 ",single,secondary,no,yes,cellular,32,3,unknown,no,A0128
129,Donna  Reid,Male,47,California,White Collar,01.Apr.2017,"$22,525.45 ",single,secondary,no,no,telephone,176,1,failure,no,A0129
130,Robert  Munoz,Female,27,California,White Collar,01.Apr.2017,"$41,399.67 ",divorced,tertiary,no,no,cellular,161,1,unknown,yes,A0130
131,Cindy  Becker,Female,41,California,White Collar,01.Apr.2017,"$41,128.49 ",married,primary,yes,no,cellular,187,3,unknown,no,A0131
132,Max  Rodgers,Male,20,California,Blue Collar,01.Apr.2017,"$14,295.01 ",married,primary,yes,no,unknown,24,1,unknown,no,A0132
133,Cindy  Becker,Female,38,California,White Collar,02.Apr.2017,"$60,382.06 ",married,unknown,yes,no,unknown,67,3,unknown,no,A0133
134,Robert  Munoz,Male,34,California,Blue Collar,02.Apr.2017,"$66,780.97 ",married,unknown,yes,no,cellular,85,1,failure,no,A0134
135,Jenny  Garcia,Male,42,California,White Collar,02.Apr.2017,"$84,554.58 ",single,secondary,yes,no,unknown,317,2,unknown,no,A0135
136,Pauline  Beck,Male,26,California,White Collar,02.Apr.2017,"$19,392.82 ",single,tertiary,no,no,cellular,236,10,unknown,no,A0136
137,Max  Rodgers,Female,43,California,White Collar,02.Apr.2017,"$62,994.73 ",single,secondary,yes,yes,cellular,54,1,failure,no,A0137
138,Cindy  Becker,Male,37,California,White Collar,02.Apr.2017,"$15,975.01 ",single,tertiary,no,no,cellular,71,1,unknown,no,A0138
139,Rachel  Gomez,Female,40,California,White Collar,02.Apr.2017,"$85,282.21 ",married,tertiary,yes,no,cellular,489,1,unknown,yes,A0139
140,Lorraine  Gibson,Male,57,Nevada,Blue Collar,02.Apr.2017,"$60,461.75 ",married,unknown,no,no,unknown,39,2,unknown,no,A0140
141,Billie  Chandler,Female,45,California,White Collar,03.Apr.2017,"$54,601.82 ",divorced,tertiary,no,no,cellular,204,2,unknown,no,A0141
142,Lee  Mack,Male,23,California,White Collar,03.Apr.2017,"$15,296.37 ",single,tertiary,yes,no,cellular,455,2,unknown,no,A0142
143,Dan  Peterson,Male,45,California,Other,03.Apr.2017,"$60,266.15 ",divorced,unknown,yes,no,unknown,86,1,unknown,no,A0143
144,Robert  Munoz,Male,26,California,White Collar,03.Apr.2017,"$6,773.51 ",single,tertiary,yes,no,cellular,190,2,unknown,no,A0144
145,Eric  Rose,Male,37,California,White Collar,04.Apr.2017,"$133,014.82 ",married,secondary,yes,yes,unknown,280,2,unknown,no,A0145
146,Christina  Fuller,Male,41,California,White Collar,05.Apr.2017,"$77,174.34 ",married,tertiary,no,yes,cellular,588,2,unknown,no,A0146
147,Jenny  Garcia,Male,33,California,White Collar,05.Apr.2017,"$7,372.88 ",married,primary,no,yes,unknown,45,9,unknown,no,A0147
148,Ellen  Weaver,Female,37,California,White Collar,05.Apr.2017,"$72,246.18 ",married,secondary,yes,no,cellular,168,5,unknown,no,A0148
149,Eric  Rose,Male,33,California,White Collar,05.Apr.2017,"$48,456.88 ",married,secondary,yes,no,cellular,194,4,other,no,A0149
150,Jaime  Pearson,Female,29,California,White Collar,05.Apr.2017,"$5,999.28 ",single,unknown,yes,no,unknown,103,3,unknown,no,A0150
151,Marian  Hill,Male,33,California,White Collar,05.Apr.2017,"$7,700.42 ",married,unknown,yes,no,unknown,333,2,unknown,no,A0151
152,Blake  Bridges,Male,32,California,White Collar,05.Apr.2017,"$76,978.94 ",single,tertiary,yes,yes,cellular,102,3,unknown,no,A0152
153,Robert  Munoz,Female,36,California,White Collar,05.Apr.2017,"$85,102.87 ",divorced,primary,yes,yes,unknown,92,1,unknown,no,A0153
154,Sandra  Floyd,Male,46,California,White Collar,05.Apr.2017,"$85,618.40 ",married,secondary,no,no,cellular,213,2,unknown,no,A0154
155,Cindy  Becker,Male,33,California,Blue Collar,05.Apr.2017,"$2,171.06 ",married,secondary,no,no,unknown,289,1,unknown,no,A0155
156,Austin  Reynolds,Male,24,California,Other,05.Apr.2017,"$54,112.25 ",divorced,secondary,no,no,cellular,77,2,unknown,no,A0156
157,Elvira  Bowman,Male,32,California,White Collar,05.Apr.2017,"$37,203.58 ",married,secondary,no,no,cellular,324,3,success,yes,A0157
158,Jenny  Garcia,Male,26,California,White Collar,05.Apr.2017,"$1,505.52 ",married,secondary,yes,no,cellular,84,3,failure,no,A0158
159,Salvador  Bass,Male,30,California,White Collar,05.Apr.2017,"$32,642.45 ",single,secondary,no,no,cellular,168,1,unknown,no,A0159
160,Cassandra  Franklin,Male,38,California,White Collar,05.Apr.2017,"$11,346.19 ",married,secondary,yes,no,cellular,380,1,unknown,no,A0160
161,Ben  Perez,Female,42,California,White Collar,05.Apr.2017,"$3,486.58 ",married,tertiary,no,no,unknown,10,1,unknown,no,A0161
162,Robert  Munoz,Female,36,California,Other,05.Apr.2017,"$91,852.00 ",single,secondary,yes,no,unknown,199,2,unknown,no,A0162
163,Lance  Yates,Female,39,California,White Collar,05.Apr.2017,"$6,148.76 ",single,secondary,no,yes,unknown,35,3,unknown,no,A0163
164,Beth  Tucker,Female,59,Nevada,Other,05.Apr.2017,"$100,781.91 ",married,secondary,yes,yes,unknown,82,2,unknown,no,A0164
165,Cecilia  Manning,Male,52,Nevada,Blue Collar,05.Apr.2017,"$6,523.87 ",single,tertiary,no,no,cellular,676,2,failure,yes,A0165
166,Patty  Thompson,Male,51,Nevada,Blue Collar,05.Apr.2017,"$15,266.63 ",single,secondary,yes,no,unknown,455,1,unknown,no,A0166
167,Robert  Munoz,Male,24,Wyoming,Blue Collar,05.Apr.2017,"$28,453.22 ",married,secondary,no,no,telephone,80,4,unknown,no,A0167
168,Elaine  Ellis,Female,30,Wyoming,White Collar,05.Apr.2017,"$46,038.55 ",divorced,secondary,yes,no,cellular,549,2,unknown,no,A0168
169,Isabel  Cross,Male,39,California,Blue Collar,06.Apr.2017,"$106,560.70 ",married,tertiary,no,no,unknown,135,1,unknown,no,A0169
170,Shari  Silva,Female,32,California,Other,06.Apr.2017,"$4,910.15 ",single,secondary,yes,yes,cellular,412,1,unknown,no,A0170
171,Sandra  Floyd,Male,38,California,White Collar,06.Apr.2017,"$19,671.99 ",married,secondary,no,no,unknown,101,3,unknown,no,A0171
172,Shari  Silva,Male,42,California,Blue Collar,06.Apr.2017,"$93,913.88 ",single,tertiary,no,no,cellular,253,2,unknown,no,A0172
173,Trevor  Jones,Female,26,California,White Collar,06.Apr.2017,"$139,332.75 ",single,secondary,yes,yes,cellular,272,1,other,no,A0173
174,Robert  Munoz,Female,31,California,White Collar,06.Apr.2017,"$68,772.72 ",married,secondary,yes,no,cellular,84,1,unknown,no,A0174
175,Brooke  Horton,Male,31,California,White Collar,06.Apr.2017,"$23,859.15 ",married,tertiary,no,no,cellular,135,2,unknown,no,A0175
176,Mable  Lindsey,Female,25,California,White Collar,06.Apr.2017,"$40,871.43 ",married,secondary,yes,yes,cellular,166,1,unknown,no,A0176
177,Drew  Rogers,Male,35,California,White Collar,06.Apr.2017,"$104,997.51 ",married,secondary,yes,yes,cellular,18,7,unknown,no,A0177
178,Sonya  Mullins,Male,33,California,Blue Collar,06.Apr.2017,"$90,667.24 ",married,secondary,yes,no,cellular,147,2,failure,no,A0178
179,Jenny  Garcia,Male,24,California,Blue Collar,06.Apr.2017,"$78,897.46 ",married,unknown,no,no,unknown,63,1,unknown,no,A0179
180,Brooke  Horton,Male,29,Oregon,Blue Collar,06.Apr.2017,"$30,620.18 ",married,tertiary,yes,no,cellular,65,2,failure,no,A0180
181,Jenny  Garcia,Female,32,California,White Collar,07.Apr.2017,"$148,963.51 ",single,tertiary,yes,yes,cellular,194,2,unknown,no,A0181
182,Iris  Underwood,Male,36,California,White Collar,07.Apr.2017,"$31,694.39 ",single,secondary,no,yes,cellular,333,2,unknown,no,A0182
183,Tiffany  May,Male,31,California,White Collar,07.Apr.2017,"$172,107.28 ",single,secondary,yes,no,cellular,14,5,unknown,no,A0183
184,Kyle  Carr,Male,33,California,Other,07.Apr.2017,"$120,244.60 ",divorced,secondary,no,no,unknown,140,1,unknown,no,A0184
185,Salvador  Bass,Male,40,California,Other,07.Apr.2017,"$31,866.28 ",married,secondary,yes,no,unknown,109,3,unknown,no,A0185
186,Kyle  Carr,Female,51,Nevada,Other,07.Apr.2017,"$87,989.31 ",married,tertiary,yes,no,cellular,61,2,unknown,no,A0186
187,Dan  Peterson,Female,46,California,White Collar,08.Apr.2017,"$60,722.99 ",married,tertiary,yes,no,telephone,377,3,success,no,A0187
188,Max  Rodgers,Female,29,California,White Collar,08.Apr.2017,"$33,819.24 ",single,secondary,yes,no,cellular,96,1,other,no,A0188
189,Edwin  Malone,Female,40,California,White Collar,08.Apr.2017,"$14,074.70 ",married,secondary,yes,no,cellular,152,2,failure,no,A0189
190,Robert  Munoz,Female,25,California,Other,08.Apr.2017,"$87,632.34 ",married,secondary,yes,no,cellular,382,2,unknown,yes,A0190
191,Elbert  Klein,Male,51,Nevada,Blue Collar,08.Apr.2017,"$1,848.67 ",married,primary,yes,yes,telephone,97,6,unknown,no,A0191
192,Isabel  Cross,Male,39,California,White Collar,09.Apr.2017,"$72,231.61 ",married,secondary,yes,no,cellular,543,12,unknown,no,A0192
193,Sandra  Floyd,Female,44,California,Other,10.Apr.2017,"$18,331.81 ",single,tertiary,no,no,cellular,240,2,unknown,no,A0193
194,Cassandra  Franklin,Male,40,California,White Collar,10.Apr.2017,"$43,776.75 ",married,secondary,no,no,unknown,48,2,unknown,no,A0194
195,Drew  Rogers,Female,35,California,White Collar,10.Apr.2017,"$24,461.37 ",single,secondary,no,no,cellular,471,2,unknown,no,A0195
196,Cassandra  Franklin,Female,32,California,White Collar,10.Apr.2017,"$130,153.24 ",divorced,secondary,yes,no,cellular,354,3,unknown,no,A0196
197,Trevor  Jones,Male,38,California,Blue Collar,11.Apr.2017,"$4,687.48 ",single,secondary,yes,no,unknown,435,2,unknown,no,A0197
198,Rachel  Gomez,Male,29,California,White Collar,11.Apr.2017,"$3,430.25 ",married,secondary,no,yes,cellular,152,2,unknown,no,A0198
199,Della  Jensen,Female,31,California,Blue Collar,11.Apr.2017,"$65,912.04 ",married,tertiary,no,no,cellular,285,1,unknown,no,A0199
200,Billie  Chandler,Female,47,California,White Collar,11.Apr.2017,"$135,623.69 ",married,secondary,no,no,telephone,185,1,success,yes,A0200
201,Guillermo  Potter,Male,34,California,Other,12.Apr.2017,"$56,692.78 ",single,tertiary,yes,no,cellular,301,1,success,no,A0201
202,Donna  Reid,Female,37,California,White Collar,12.Apr.2017,"$81,536.40 ",married,secondary,no,no,cellular,273,2,unknown,no,A0202
203,Salvador  Bass,Female,40,California,White Collar,12.Apr.2017,"$90,518.70 ",single,tertiary,yes,no,cellular,768,2,failure,yes,A0203
204,Brooke  Horton,Female,26,California,White Collar,12.Apr.2017,"$28,198.81 ",divorced,tertiary,yes,no,cellular,1337,4,failure,no,A0204
205,Allan  Ramos,Female,25,California,Blue Collar,12.Apr.2017,"$118,809.51 ",single,tertiary,no,no,telephone,403,1,unknown,yes,A0205
206,Isabel  Cross,Female,36,California,White Collar,12.Apr.2017,"$162,725.10 ",single,tertiary,yes,no,cellular,139,2,unknown,no,A0206
207,Woodrow  Colon,Male,41,California,White Collar,12.Apr.2017,"$110,443.85 ",married,secondary,yes,yes,cellular,196,1,unknown,no,A0207
208,Robert  Munoz,Male,39,California,White Collar,12.Apr.2017,"$5,572.01 ",married,secondary,yes,no,cellular,115,1,failure,no,A0208
209,Sandra  Floyd,Male,39,California,Blue Collar,12.Apr.2017,"$34,807.97 ",single,secondary,yes,no,cellular,60,1,failure,no,A0209
210,Della  Jensen,Male,44,Nevada,Blue Collar,12.Apr.2017,"$96,240.55 ",married,secondary,no,no,cellular,17,14,unknown,no,A0210
211,Cecilia  Manning,Male,39,California,White Collar,13.Apr.2017,"$78,364.43 ",single,secondary,yes,no,cellular,141,3,unknown,no,A0211
212,Donna  Reid,Male,34,California,White Collar,13.Apr.2017,"$24,729.60 ",single,secondary,yes,no,unknown,95,3,unknown,no,A0212
213,Max  Rodgers,Female,29,California,Blue Collar,13.Apr.2017,"$31,439.15 ",married,tertiary,yes,no,cellular,10,2,other,no,A0213
214,Isabel  Cross,Female,21,California,Other,13.Apr.2017,"$20,129.72 ",married,secondary,no,no,cellular,198,1,unknown,no,A0214
215,Bernadette  Page,Male,39,California,Blue Collar,13.Apr.2017,"$51,250.52 ",married,tertiary,no,no,cellular,220,4,unknown,no,A0215
216,Isabel  Cross,Male,38,California,White Collar,13.Apr.2017,"$71,859.03 ",married,tertiary,yes,no,cellular,654,2,unknown,yes,A0216
217,Woodrow  Colon,Female,28,California,White Collar,13.Apr.2017,"$40,310.27 ",married,secondary,no,no,cellular,71,2,unknown,no,A0217
218,Andrew  Meyer,Female,29,California,White Collar,14.Apr.2017,"$44,636.91 ",married,secondary,yes,no,cellular,256,2,failure,no,A0218
219,Allan  Ramos,Male,25,California,White Collar,14.Apr.2017,"$47,253.54 ",married,primary,yes,yes,telephone,834,10,unknown,no,A0219
220,Bethany  Pena,Female,38,California,Other,14.Apr.2017,"$50,012.21 ",married,secondary,no,no,cellular,151,3,unknown,no,A0220
221,Salvador  Bass,Female,45,California,Blue Collar,14.Apr.2017,"$3,842.75 ",married,tertiary,yes,no,cellular,20,3,unknown,no,A0221
222,Carla  Mccormick,Female,33,California,White Collar,14.Apr.2017,"$6,077.00 ",married,secondary,yes,no,unknown,178,5,unknown,no,A0222
223,Lance  Yates,Male,32,California,White Collar,14.Apr.2017,"$22,946.90 ",married,primary,no,no,unknown,59,2,unknown,no,A0223
224,Drew  Rogers,Male,43,California,White Collar,14.Apr.2017,"$27,019.00 ",married,primary,no,no,cellular,111,7,unknown,no,A0224
225,Sylvester  Morales,Male,31,California,White Collar,14.Apr.2017,"$94,372.51 ",married,primary,yes,no,cellular,186,1,unknown,no,A0225
226,Edwin  Malone,Male,40,California,White Collar,14.Apr.2017,"$14,737.97 ",single,secondary,yes,no,unknown,227,1,unknown,no,A0226
227,Robert  Munoz,Male,29,California,Other,15.Apr.2017,"$158,464.39 ",married,secondary,no,no,cellular,297,3,unknown,no,A0227
228,Salvador  Bass,Female,37,California,White Collar,15.Apr.2017,"$6,881.36 ",married,secondary,yes,no,cellular,210,1,other,no,A0228
229,Salvador  Bass,Female,36,California,White Collar,15.Apr.2017,"$63,633.25 ",married,primary,yes,no,cellular,9,1,unknown,no,A0229
230,Trevor  Jones,Male,42,California,White Collar,15.Apr.2017,"$77,496.67 ",married,tertiary,yes,yes,cellular,112,1,other,no,A0230
231,Rachel  Gomez,Female,45,California,White Collar,15.Apr.2017,"$58,579.49 ",married,secondary,no,no,cellular,112,6,unknown,no,A0231
232,Bethany  Pena,Male,41,California,Blue Collar,15.Apr.2017,"$86,211.64 ",married,tertiary,no,no,unknown,222,3,unknown,no,A0232
233,Robert  Munoz,Male,42,California,White Collar,16.Apr.2017,"$95,326.45 ",single,secondary,yes,no,cellular,195,3,failure,no,A0233
234,Jenny  Garcia,Male,42,California,White Collar,16.Apr.2017,"$15,221.90 ",single,secondary,yes,no,cellular,768,2,success,no,A0234
235,Ernest  Davis,Female,40,California,White Collar,16.Apr.2017,"$70,922.28 ",single,secondary,no,no,cellular,123,1,unknown,no,A0235
236,Rachel  Gomez,Female,43,California,White Collar,16.Apr.2017,"$38,121.13 ",divorced,secondary,no,no,cellular,145,3,unknown,no,A0236
237,Elbert  Klein,Female,43,California,White Collar,16.Apr.2017,"$35,651.43 ",married,secondary,yes,no,cellular,124,1,other,no,A0237
238,Christina  Fuller,Female,27,Wyoming,Other,16.Apr.2017,"$58,601.55 ",married,unknown,yes,no,unknown,216,3,unknown,no,A0238
239,Elaine  Ellis,Female,35,California,White Collar,17.Apr.2017,"$17,730.57 ",married,primary,no,no,unknown,69,3,unknown,no,A0239
240,Austin  Reynolds,Male,32,California,White Collar,17.Apr.2017,"$75,608.90 ",married,tertiary,yes,no,cellular,168,4,unknown,no,A0240
241,Eddie  Green,Male,43,California,White Collar,17.Apr.2017,"$22,307.16 ",single,secondary,yes,no,cellular,483,7,unknown,no,A0241
242,Elbert  Klein,Female,34,California,Blue Collar,17.Apr.2017,"$85,294.66 ",married,tertiary,no,no,cellular,690,3,unknown,no,A0242
243,Patty  Thompson,Male,47,California,Blue Collar,17.Apr.2017,"$173,349.19 ",married,tertiary,no,no,cellular,125,12,unknown,no,A0243
244,Arturo  Francis,Male,39,California,White Collar,17.Apr.2017,"$67,364.43 ",married,secondary,yes,yes,unknown,344,2,unknown,no,A0244
245,Mable  Lindsey,Male,31,California,White Collar,17.Apr.2017,"$14,726.22 ",married,secondary,yes,no,unknown,673,2,unknown,no,A0245
246,Edwin  Malone,Male,30,California,White Collar,17.Apr.2017,"$6,629.43 ",married,tertiary,yes,no,cellular,60,1,other,no,A0246
247,Joey  Wong,Female,33,California,White Collar,17.Apr.2017,"$21,461.61 ",married,secondary,yes,no,unknown,247,2,unknown,no,A0247
248,Drew  Rogers,Male,37,California,White Collar,17.Apr.2017,"$6,362.00 ",single,secondary,no,no,cellular,123,2,unknown,no,A0248
249,Lynette  Brewer,Male,43,California,White Collar,17.Apr.2017,"$48,755.73 ",married,tertiary,yes,no,cellular,144,2,unknown,no,A0249
250,Sonya  Mullins,Female,30,California,Blue Collar,17.Apr.2017,"$20,009.78 ",married,secondary,no,yes,cellular,9,2,failure,no,A0250
251,Brooke  Horton,Female,33,California,White Collar,17.Apr.2017,"$85,262.75 ",married,tertiary,yes,no,cellular,155,3,unknown,no,A0251
252,Don  Gonzales,Male,30,California,White Collar,17.Apr.2017,"$111,324.36 ",married,tertiary,no,no,cellular,134,5,unknown,no,A0252
253,Rachel  Gomez,Female,29,California,White Collar,17.Apr.2017,"$61,547.27 ",divorced,primary,no,yes,cellular,221,2,unknown,no,A0253
254,Isabel  Cross,Male,34,California,White Collar,17.Apr.2017,"$30,261.99 ",married,primary,yes,no,cellular,84,3,failure,no,A0254
255,Bethany  Pena,Female,36,California,Blue Collar,17.Apr.2017,"$30,414.94 ",married,primary,no,no,cellular,71,2,unknown,no,A0255
256,Ruben  Nunez,Male,46,Nevada,Blue Collar,17.Apr.2017,"$44,009.34 ",married,secondary,yes,yes,unknown,246,4,unknown,no,A0256
257,Herman  Williams,Male,36,Nevada,Blue Collar,17.Apr.2017,"$118,630.73 ",married,tertiary,no,yes,cellular,361,2,unknown,no,A0257
258,Lance  Yates,Male,54,Nevada,Other,17.Apr.2017,"$3,152.13 ",single,secondary,no,no,cellular,119,4,unknown,no,A0258
259,Sonya  Mullins,Female,50,Nevada,Other,17.Apr.2017,"$27,103.73 ",divorced,tertiary,yes,no,cellular,375,2,unknown,no,A0259
260,Brooke  Horton,Male,45,Nevada,Blue Collar,17.Apr.2017,"$38,893.66 ",single,secondary,no,yes,cellular,1097,3,unknown,yes,A0260
261,Lorraine  Gibson,Male,47,Nevada,Blue Collar,17.Apr.2017,"$28,621.37 ",married,secondary,yes,yes,cellular,97,1,unknown,no,A0261
262,Della  Jensen,Female,59,Nevada,Other,17.Apr.2017,"$35,149.10 ",single,secondary,no,no,cellular,181,2,unknown,no,A0262
263,Rachel  Gomez,Female,41,Nevada,Other,17.Apr.2017,"$130,981.39 ",single,tertiary,no,no,cellular,83,3,unknown,no,A0263
264,Paulette  Spencer,Female,48,Nevada,Other,17.Apr.2017,"$15,785.87 ",married,tertiary,no,yes,cellular,180,4,unknown,no,A0264
265,Rachel  Gomez,Male,52,Nevada,Blue Collar,17.Apr.2017,"$67,481.55 ",married,tertiary,no,no,cellular,543,1,failure,no,A0265
266,Beth  Tucker,Female,28,Nevada,Other,17.Apr.2017,"$19,644.16 ",married,secondary,yes,yes,unknown,373,1,unknown,no,A0266
267,Della  Jensen,Male,55,Nevada,Other,17.Apr.2017,"$55,212.63 ",single,secondary,yes,no,unknown,230,1,unknown,no,A0267
268,Rachel  Gomez,Male,28,Wyoming,Blue Collar,17.Apr.2017,"$100,267.60 ",married,tertiary,yes,yes,cellular,83,3,unknown,no,A0268
269,Bernadette  Page,Female,42,Wyoming,Other,17.Apr.2017,"$65,811.40 ",single,secondary,yes,no,telephone,58,13,unknown,no,A0269
270,Cecilia  Manning,Female,63,Wyoming,Other,17.Apr.2017,"$40,328.36 ",divorced,secondary,no,no,cellular,88,6,unknown,no,A0270
271,Eddie  Green,Male,30,Wyoming,White Collar,17.Apr.2017,"$43,151.96 ",married,secondary,yes,no,cellular,297,1,failure,no,A0271
272,Paulette  Spencer,Female,25,Oregon,White Collar,17.Apr.2017,"$73,129.31 ",single,secondary,yes,yes,cellular,487,1,unknown,yes,A0272
273,Joey  Wong,Male,41,California,White Collar,18.Apr.2017,"$61,566.69 ",married,secondary,no,no,unknown,29,3,unknown,no,A0273
274,Allan  Ramos,Female,34,California,Other,18.Apr.2017,"$166,891.48 ",married,secondary,yes,no,cellular,484,4,unknown,no,A0274
275,Bernadette  Page,Male,42,California,White Collar,19.Apr.2017,"$15,095.46 ",single,tertiary,yes,no,cellular,262,4,unknown,no,A0275
276,Blake  Bridges,Male,30,California,Blue Collar,19.Apr.2017,"$20,944.97 ",married,secondary,yes,no,unknown,644,1,unknown,no,A0276
277,Elvira  Bowman,Female,37,California,White Collar,19.Apr.2017,"$85,930.43 ",married,tertiary,no,no,cellular,699,2,failure,no,A0277
278,Fernando  Rowe,Female,30,California,Blue Collar,19.Apr.2017,"$106,858.49 ",single,tertiary,no,no,cellular,247,2,unknown,no,A0278
279,Jenny  Garcia,Male,42,California,White Collar,19.Apr.2017,"$48,039.75 ",married,primary,no,no,cellular,49,3,unknown,no,A0279
280,Allan  Ramos,Female,31,California,Other,19.Apr.2017,"$1,068.87 ",divorced,primary,yes,no,cellular,341,1,unknown,no,A0280
281,Fernando  Rowe,Male,37,California,Blue Collar,19.Apr.2017,"$155,037.04 ",married,tertiary,no,no,unknown,64,2,unknown,no,A0281
282,Beth  Tucker,Female,29,California,White Collar,20.Apr.2017,"$105,078.60 ",married,secondary,yes,no,cellular,121,1,unknown,no,A0282
283,Andrew  Meyer,Female,34,California,White Collar,20.Apr.2017,"$18,743.69 ",single,secondary,yes,no,unknown,98,1,unknown,no,A0283
284,Della  Jensen,Female,30,California,White Collar,20.Apr.2017,"$10,649.97 ",divorced,secondary,no,no,unknown,88,6,unknown,no,A0284
285,Mable  Lindsey,Male,34,California,White Collar,21.Apr.2017,"$77,300.21 ",married,secondary,no,no,unknown,197,6,unknown,no,A0285
286,Rachel  Gomez,Female,31,California,Other,21.Apr.2017,"$143,585.82 ",single,tertiary,yes,no,unknown,331,1,unknown,no,A0286
287,Edwin  Malone,Male,41,California,White Collar,21.Apr.2017,"$96,612.64 ",married,secondary,yes,no,unknown,83,3,unknown,no,A0287
288,Patty  Thompson,Male,37,California,White Collar,21.Apr.2017,"$56,501.51 ",married,secondary,yes,no,unknown,138,2,unknown,no,A0288
289,Rachel  Gomez,Female,32,California,White Collar,22.Apr.2017,"$76,819.55 ",married,tertiary,yes,no,cellular,312,5,unknown,no,A0289
290,Della  Jensen,Male,40,California,White Collar,22.Apr.2017,"$105,009.88 ",married,tertiary,no,yes,cellular,120,3,success,yes,A0290
291,Colleen  Warren,Female,21,California,White Collar,22.Apr.2017,"$8,163.88 ",married,primary,yes,no,cellular,526,2,unknown,yes,A0291
292,Bernadette  Page,Female,40,California,White Collar,22.Apr.2017,"$37,682.66 ",married,secondary,yes,no,unknown,211,2,unknown,no,A0292
293,Rachel  Gomez,Male,45,California,Other,22.Apr.2017,"$97,188.04 ",married,secondary,no,no,cellular,62,6,unknown,no,A0293
294,Donna  Reid,Male,27,California,Other,22.Apr.2017,"$35,324.52 ",divorced,secondary,yes,yes,cellular,135,5,unknown,no,A0294
295,Arturo  Francis,Male,45,Nevada,Blue Collar,22.Apr.2017,"$24,511.58 ",married,tertiary,no,no,cellular,101,2,unknown,no,A0295
296,Drew  Rogers,Female,31,California,White Collar,23.Apr.2017,"$75,421.25 ",divorced,unknown,yes,no,cellular,988,2,unknown,yes,A0296
297,Salvador  Bass,Female,33,California,White Collar,23.Apr.2017,$226.75 ,married,tertiary,no,no,cellular,451,1,unknown,no,A0297
298,Bethany  Pena,Female,26,California,White Collar,23.Apr.2017,"$22,025.96 ",divorced,primary,yes,no,unknown,1030,1,unknown,yes,A0298
299,Max  Rodgers,Female,40,California,White Collar,23.Apr.2017,"$21,984.40 ",married,secondary,yes,yes,cellular,1484,24,unknown,yes,A0299
300,Sandra  Floyd,Male,53,Nevada,Blue Collar,23.Apr.2017,"$95,982.90 ",married,secondary,yes,no,cellular,317,5,unknown,yes,A0300
301,Peter  Hodges,Male,41,Nevada,Blue Collar,23.Apr.2017,"$148,044.48 ",divorced,primary,no,no,cellular,445,1,unknown,no,A0301
302,Rachel  Gomez,Male,30,Wyoming,Blue Collar,23.Apr.2017,"$20,293.90 ",divorced,primary,no,no,cellular,383,2,failure,no,A0302
303,Andrew  Meyer,Male,42,California,Blue Collar,24.Apr.2017,"$183,437.00 ",married,secondary,yes,no,telephone,605,1,unknown,no,A0303
304,Beth  Tucker,Female,42,California,White Collar,24.Apr.2017,"$45,483.13 ",married,secondary,yes,no,cellular,330,2,unknown,no,A0304
305,Lula  Daniels,Male,29,California,White Collar,24.Apr.2017,"$13,136.19 ",married,unknown,no,yes,cellular,171,2,unknown,no,A0305
306,Cindy  Becker,Male,32,California,White Collar,24.Apr.2017,"$90,278.96 ",married,secondary,no,yes,cellular,442,2,unknown,no,A0306
307,Bobbie  Ryan,Male,33,California,Blue Collar,24.Apr.2017,"$3,666.28 ",married,secondary,yes,no,cellular,772,1,unknown,yes,A0307
308,Cecilia  Manning,Male,43,California,White Collar,24.Apr.2017,"$49,716.90 ",married,primary,yes,yes,unknown,249,5,unknown,no,A0308
309,Colleen  Warren,Male,30,California,White Collar,24.Apr.2017,"$31,784.00 ",married,tertiary,yes,no,unknown,357,1,unknown,no,A0309
310,Marion  Glover,Female,33,California,White Collar,24.Apr.2017,"$90,859.39 ",married,tertiary,no,no,cellular,147,2,unknown,no,A0310
311,Ruben  Nunez,Male,30,California,Blue Collar,25.Apr.2017,"$39,658.46 ",married,secondary,yes,yes,cellular,199,7,failure,no,A0311
312,Arturo  Francis,Male,45,California,Blue Collar,25.Apr.2017,"$31,567.15 ",married,unknown,no,no,cellular,271,2,unknown,no,A0312
313,Peter  Hodges,Female,40,California,White Collar,26.Apr.2017,"$98,427.91 ",single,primary,yes,no,cellular,783,3,unknown,no,A0313
314,Edwin  Malone,Female,31,California,White Collar,26.Apr.2017,"$129,624.15 ",married,tertiary,no,yes,cellular,472,2,unknown,no,A0314
315,Robert  Munoz,Male,27,California,Other,26.Apr.2017,"$10,948.27 ",single,tertiary,yes,no,cellular,223,3,failure,yes,A0315
316,Marion  Glover,Female,37,California,White Collar,26.Apr.2017,"$8,373.69 ",married,primary,yes,no,unknown,395,2,unknown,no,A0316
317,Guillermo  Potter,Male,35,California,White Collar,26.Apr.2017,"$65,357.97 ",married,secondary,no,no,cellular,56,1,unknown,no,A0317
318,Trevor  Jones,Female,43,California,Blue Collar,27.Apr.2017,"$2,292.90 ",married,primary,no,yes,unknown,641,6,unknown,no,A0318
319,Della  Jensen,Male,30,California,White Collar,27.Apr.2017,"$34,350.07 ",married,secondary,no,no,cellular,429,4,failure,yes,A0319
320,Salvador  Bass,Male,34,California,White Collar,27.Apr.2017,"$64,154.28 ",single,secondary,no,no,unknown,113,1,unknown,no,A0320
321,Bethany  Pena,Male,43,California,Blue Collar,27.Apr.2017,"$101,206.42 ",married,unknown,no,no,unknown,11,11,unknown,no,A0321
322,Don  Gonzales,Female,30,California,Other,27.Apr.2017,"$52,412.46 ",married,secondary,no,no,cellular,157,1,unknown,no,A0322
323,Beth  Tucker,Female,21,California,White Collar,27.Apr.2017,"$67,230.15 ",single,tertiary,no,yes,cellular,79,4,unknown,no,A0323
324,Brooke  Horton,Male,54,California,White Collar,27.Apr.2017,"$49,421.22 ",married,tertiary,no,no,cellular,178,1,success,yes,A0324
325,Ernest  Davis,Male,35,California,Other,28.Apr.2017,"$61,313.04 ",married,primary,yes,yes,unknown,168,1,unknown,no,A0325
326,Edwin  Malone,Female,42,California,White Collar,28.Apr.2017,"$106,919.48 ",married,secondary,no,no,cellular,425,1,failure,no,A0326
327,Rachel  Gomez,Male,40,California,Other,28.Apr.2017,"$11,138.21 ",married,secondary,no,yes,cellular,162,1,unknown,no,A0327
328,Elvira  Bowman,Female,34,California,White Collar,28.Apr.2017,"$3,008.73 ",single,tertiary,yes,no,cellular,799,2,unknown,yes,A0328
329,Beth  Tucker,Female,37,California,White Collar,28.Apr.2017,"$18,513.55 ",married,secondary,no,no,cellular,1370,3,success,yes,A0329
330,Ruben  Nunez,Female,31,California,White Collar,28.Apr.2017,"$29,749.84 ",single,secondary,yes,no,unknown,357,1,unknown,no,A0330
331,Iris  Underwood,Male,44,California,White Collar,28.Apr.2017,"$74,648.58 ",married,secondary,no,no,cellular,22,6,unknown,no,A0331
332,Billie  Chandler,Female,34,California,White Collar,28.Apr.2017,"$36,878.96 ",single,tertiary,yes,no,cellular,215,3,other,no,A0332
333,Isabel  Cross,Male,54,Nevada,Blue Collar,28.Apr.2017,"$23,668.78 ",married,secondary,yes,no,cellular,56,4,unknown,no,A0333
334,Brooke  Horton,Female,33,California,White Collar,29.Apr.2017,"$61,384.37 ",married,primary,yes,no,cellular,1017,6,unknown,yes,A0334
335,Trevor  Jones,Female,42,California,Blue Collar,29.Apr.2017,"$11,317.51 ",single,tertiary,no,no,cellular,298,4,unknown,yes,A0335
336,Ben  Perez,Female,36,California,White Collar,29.Apr.2017,"$37,510.42 ",divorced,tertiary,no,yes,unknown,126,1,unknown,no,A0336
337,Colleen  Warren,Female,22,California,White Collar,29.Apr.2017,"$105,262.07 ",married,primary,no,no,unknown,9,1,unknown,no,A0337
338,Lynette  Brewer,Male,42,California,White Collar,29.Apr.2017,"$46,675.63 ",single,tertiary,yes,no,cellular,8,1,failure,no,A0338
339,Brooke  Horton,Female,58,Nevada,Other,29.Apr.2017,"$49,264.21 ",married,primary,no,no,cellular,201,1,success,no,A0339
340,Isabel  Cross,Female,20,Wyoming,White Collar,29.Apr.2017,"$2,219.48 ",divorced,primary,no,no,cellular,106,2,unknown,no,A0340
341,Dan  Peterson,Female,29,California,White Collar,30.Apr.2017,"$6,726.75 ",married,tertiary,yes,yes,cellular,164,1,failure,no,A0341
342,Isabel  Cross,Male,38,California,White Collar,30.Apr.2017,"$27,511.34 ",married,tertiary,no,no,cellular,97,1,unknown,no,A0342
343,Christina  Fuller,Male,33,California,White Collar,30.Apr.2017,"$46,129.28 ",single,tertiary,no,yes,cellular,151,1,unknown,no,A0343
344,Eric  Rose,Female,35,California,White Collar,30.Apr.2017,"$87,771.25 ",single,tertiary,yes,no,unknown,96,2,unknown,no,A0344
345,Isabel  Cross,Male,36,California,White Collar,30.Apr.2017,"$15,184.64 ",single,unknown,yes,no,cellular,555,1,unknown,no,A0345
346,Carla  Mccormick,Male,31,California,White Collar,02.May.2017,"$30,700.63 ",single,secondary,yes,yes,cellular,270,2,failure,no,A0346
347,Isabel  Cross,Male,56,Nevada,Other,02.May.2017,"$105,894.18 ",married,tertiary,no,no,cellular,339,3,unknown,no,A0347
348,Joey  Wong,Male,51,Nevada,Other,02.May.2017,"$41,553.88 ",married,primary,no,no,cellular,328,2,success,yes,A0348
349,Arturo  Francis,Male,55,Nevada,Blue Collar,02.May.2017,"$89,605.25 ",married,secondary,yes,yes,unknown,159,1,unknown,no,A0349
350,Joey  Wong,Male,61,Nevada,Blue Collar,02.May.2017,"$47,641.34 ",married,tertiary,yes,no,cellular,323,2,failure,no,A0350
351,Christy  Olson,Male,38,Wyoming,Blue Collar,02.May.2017,"$72,322.70 ",married,secondary,yes,no,cellular,342,1,unknown,no,A0351
352,Marion  Glover,Male,51,Nevada,White Collar,03.May.2017,"$135,182.33 ",married,tertiary,yes,no,cellular,180,1,unknown,no,A0352
353,Cecilia  Manning,Male,58,Nevada,Blue Collar,03.May.2017,"$9,575.84 ",married,tertiary,no,yes,cellular,60,3,unknown,no,A0353
354,Trevor  Jones,Male,42,Nevada,Other,03.May.2017,"$20,019.75 ",married,tertiary,no,no,cellular,223,1,failure,no,A0354
355,Johanna  Boone,Male,46,Nevada,Blue Collar,03.May.2017,"$16,342.34 ",married,tertiary,yes,no,cellular,1434,2,failure,no,A0355
356,Isabel  Cross,Male,42,Nevada,Blue Collar,03.May.2017,"$26,476.90 ",single,secondary,yes,no,unknown,30,2,unknown,no,A0356
357,Drew  Rogers,Female,27,Wyoming,Other,03.May.2017,"$27,022.73 ",married,secondary,yes,no,unknown,134,4,unknown,no,A0357
358,Carla  Mccormick,Male,28,Wyoming,Blue Collar,03.May.2017,"$10,042.25 ",single,unknown,no,no,cellular,10,2,unknown,no,A0358
359,Trevor  Jones,Female,17,Oregon,Other,03.May.2017,"$98,205.09 ",divorced,secondary,no,no,cellular,397,2,unknown,yes,A0359
360,Robert  Munoz,Female,44,California,White Collar,04.May.2017,"$12,115.39 ",single,secondary,yes,no,cellular,620,1,unknown,no,A0360
361,Blake  Bridges,Male,45,Nevada,Blue Collar,04.May.2017,"$101,874.46 ",single,tertiary,no,no,cellular,6,6,unknown,no,A0361
362,Brooke  Horton,Male,52,Nevada,White Collar,04.May.2017,"$159,976.94 ",married,primary,yes,yes,cellular,209,2,unknown,no,A0362
363,Blake  Bridges,Male,45,Nevada,Blue Collar,04.May.2017,"$35,915.39 ",married,primary,yes,no,unknown,419,2,unknown,no,A0363
364,Jenny  Garcia,Female,34,Wyoming,White Collar,04.May.2017,"$8,437.84 ",married,secondary,yes,no,cellular,283,2,unknown,no,A0364
365,Elvira  Bowman,Female,28,Wyoming,Other,04.May.2017,"$97,318.75 ",married,tertiary,no,no,cellular,188,2,unknown,no,A0365
366,Shari  Silva,Female,35,Wyoming,White Collar,04.May.2017,"$26,111.21 ",single,secondary,no,no,cellular,267,1,unknown,no,A0366
367,Cindy  Becker,Female,32,Wyoming,White Collar,04.May.2017,"$28,204.36 ",single,secondary,yes,no,cellular,196,2,unknown,no,A0367
368,Cindy  Becker,Female,31,Oregon,Other,04.May.2017,"$92,983.04 ",single,tertiary,yes,no,cellular,245,1,failure,no,A0368
369,Shari  Silva,Female,38,California,White Collar,05.May.2017,"$59,715.03 ",single,primary,no,no,cellular,323,1,unknown,yes,A0369
370,Della  Jensen,Male,62,Nevada,Other,05.May.2017,"$79,613.60 ",married,secondary,yes,no,cellular,1065,1,other,no,A0370
371,Ernest  Davis,Male,44,Nevada,Other,05.May.2017,"$9,384.69 ",married,tertiary,no,no,unknown,138,5,unknown,no,A0371
372,Willie  Vega,Male,54,Nevada,Blue Collar,05.May.2017,"$30,156.61 ",married,primary,no,no,cellular,207,1,unknown,no,A0372
373,Marian  Hill,Male,39,Nevada,Blue Collar,05.May.2017,"$24,699.16 ",married,secondary,no,no,unknown,456,3,unknown,no,A0373
374,Robert  Munoz,Male,19,Wyoming,Blue Collar,05.May.2017,"$141,470.72 ",married,secondary,yes,no,cellular,261,1,unknown,no,A0374
375,Eddie  Green,Female,44,Wyoming,Other,05.May.2017,"$71,300.67 ",married,secondary,yes,no,cellular,80,1,failure,no,A0375
376,Rachel  Gomez,Female,28,Oregon,Other,05.May.2017,"$66,192.13 ",single,secondary,yes,no,cellular,131,6,failure,no,A0376
377,Eddie  Green,Female,49,California,Other,06.May.2017,"$13,609.75 ",married,primary,yes,no,unknown,94,7,unknown,no,A0377
378,Felicia  Jennings,Male,18,California,White Collar,06.May.2017,$463.09 ,married,tertiary,yes,no,cellular,567,3,failure,yes,A0378
379,Paulette  Spencer,Female,38,California,Other,06.May.2017,"$29,467.91 ",divorced,primary,yes,no,unknown,153,1,unknown,no,A0379
380,Rachel  Gomez,Male,39,California,White Collar,06.May.2017,"$72,703.49 ",single,secondary,yes,no,cellular,109,1,unknown,no,A0380
381,Lynette  Brewer,Female,41,California,White Collar,06.May.2017,"$19,644.16 ",married,secondary,yes,no,cellular,53,1,failure,no,A0381
382,Max  Rodgers,Male,45,California,Other,06.May.2017,"$79,408.00 ",married,primary,yes,no,unknown,77,1,unknown,no,A0382
383,Ben  Perez,Female,32,California,White Collar,06.May.2017,"$100,637.55 ",married,tertiary,no,no,telephone,234,2,unknown,yes,A0383
384,Edwin  Malone,Female,42,Nevada,Other,06.May.2017,"$18,041.39 ",married,secondary,yes,no,telephone,121,2,failure,no,A0384
385,Paulette  Spencer,Male,41,Nevada,Blue Collar,06.May.2017,"$42,850.07 ",married,primary,yes,no,cellular,155,2,unknown,no,A0385
386,Nellie  Joseph,Male,51,Nevada,Other,06.May.2017,"$55,107.49 ",married,primary,no,no,cellular,108,1,unknown,no,A0386
387,Cecilia  Manning,Male,56,Nevada,Blue Collar,06.May.2017,"$60,506.00 ",married,tertiary,no,no,unknown,159,3,unknown,no,A0387
388,Arturo  Francis,Male,58,Nevada,Blue Collar,06.May.2017,"$34,328.46 ",married,secondary,yes,no,unknown,208,3,unknown,no,A0388
389,Brooke  Horton,Male,38,Nevada,Blue Collar,06.May.2017,"$17,041.69 ",married,secondary,no,no,cellular,215,1,unknown,no,A0389
390,Willie  Vega,Male,46,Nevada,Blue Collar,06.May.2017,"$24,522.66 ",married,secondary,yes,no,unknown,597,3,unknown,no,A0390
391,Sonya  Mullins,Male,61,Nevada,Blue Collar,06.May.2017,"$84,412.12 ",single,tertiary,yes,no,cellular,505,2,other,no,A0391
392,Elaine  Ellis,Female,44,Wyoming,Other,06.May.2017,"$37,744.91 ",single,primary,yes,yes,unknown,380,4,unknown,no,A0392
393,Max  Rodgers,Female,34,Wyoming,Other,06.May.2017,"$163,021.93 ",married,unknown,no,no,cellular,120,1,unknown,no,A0393
394,Cecilia  Manning,Female,42,Wyoming,Blue Collar,06.May.2017,"$62,046.43 ",married,secondary,no,no,cellular,106,4,unknown,no,A0394
395,Woodrow  Colon,Male,32,Wyoming,Other,06.May.2017,"$7,193.42 ",married,secondary,yes,no,cellular,332,2,failure,no,A0395
396,Cassandra  Franklin,Female,32,Oregon,Blue Collar,06.May.2017,"$34,415.78 ",married,secondary,yes,no,unknown,221,4,unknown,no,A0396
397,Sonya  Mullins,Female,36,Oregon,Other,06.May.2017,"$92,404.03 ",married,secondary,yes,no,cellular,80,1,unknown,no,A0397
398,Kyle  Carr,Female,37,Oregon,Other,06.May.2017,"$54,629.90 ",single,tertiary,no,no,cellular,60,5,success,no,A0398
399,Eddie  Green,Female,23,Oregon,Other,06.May.2017,"$29,938.97 ",married,primary,yes,yes,telephone,212,3,unknown,no,A0399
400,Ben  Perez,Male,35,California,White Collar,07.May.2017,"$3,615.63 ",married,primary,yes,no,cellular,493,3,unknown,no,A0400
401,Donna  Reid,Male,41,California,White Collar,07.May.2017,"$76,803.67 ",divorced,tertiary,yes,no,cellular,98,2,unknown,no,A0401
402,Willie  Vega,Female,32,California,White Collar,07.May.2017,"$20,329.09 ",single,secondary,no,yes,cellular,681,1,unknown,yes,A0402
403,Isabel  Cross,Female,39,California,White Collar,07.May.2017,"$126,752.45 ",single,secondary,no,no,cellular,203,1,unknown,no,A0403
404,Isabel  Cross,Male,38,California,White Collar,07.May.2017,"$180,196.06 ",married,primary,no,yes,cellular,157,1,unknown,no,A0404
405,Shari  Silva,Male,36,California,White Collar,07.May.2017,"$35,405.04 ",married,secondary,no,no,unknown,287,1,unknown,no,A0405
406,Shari  Silva,Male,39,Nevada,Blue Collar,07.May.2017,"$58,719.78 ",married,secondary,yes,no,cellular,159,2,unknown,no,A0406
407,Cindy  Becker,Male,48,Nevada,Other,07.May.2017,"$35,377.31 ",married,tertiary,yes,no,unknown,125,1,unknown,no,A0407
408,Cassandra  Franklin,Male,55,Nevada,Blue Collar,07.May.2017,"$40,015.27 ",married,secondary,no,no,cellular,202,2,unknown,no,A0408
409,Drew  Rogers,Male,45,Wyoming,Other,07.May.2017,"$28,786.46 ",married,secondary,yes,no,telephone,37,3,failure,no,A0409
410,Pauline  Beck,Male,32,Wyoming,White Collar,07.May.2017,"$75,553.25 ",married,secondary,no,no,cellular,161,1,failure,yes,A0410
411,Jenny  Garcia,Male,38,Wyoming,White Collar,07.May.2017,"$144,954.46 ",married,tertiary,no,no,cellular,72,4,unknown,no,A0411
412,Max  Rodgers,Male,18,California,White Collar,08.May.2017,"$9,711.51 ",single,secondary,no,no,cellular,342,1,unknown,no,A0412
413,Nellie  Joseph,Male,24,California,Blue Collar,08.May.2017,"$57,596.19 ",divorced,tertiary,yes,no,cellular,262,1,failure,yes,A0413
414,Robert  Munoz,Male,45,Nevada,Other,08.May.2017,"$12,407.27 ",married,tertiary,no,no,cellular,325,2,unknown,no,A0414
415,Shari  Silva,Male,45,Nevada,Blue Collar,08.May.2017,"$52,350.85 ",married,secondary,no,no,telephone,223,7,unknown,no,A0415
416,Allan  Ramos,Male,46,Nevada,Blue Collar,08.May.2017,"$96,093.37 ",divorced,tertiary,no,no,cellular,1212,4,unknown,yes,A0416
417,Shari  Silva,Male,37,Nevada,Blue Collar,08.May.2017,"$47,492.90 ",single,secondary,no,no,cellular,319,2,unknown,no,A0417
418,Don  Gonzales,Male,44,Wyoming,White Collar,08.May.2017,"$14,428.15 ",single,primary,no,no,cellular,182,2,unknown,no,A0418
419,Shari  Silva,Female,25,Oregon,Other,08.May.2017,"$2,842.49 ",married,secondary,yes,yes,cellular,330,1,unknown,no,A0419
420,Jaime  Pearson,Female,32,California,White Collar,09.May.2017,"$6,394.94 ",married,secondary,yes,yes,cellular,514,1,unknown,no,A0420
421,Eric  Rose,Female,30,California,Other,09.May.2017,"$7,994.63 ",divorced,secondary,yes,no,unknown,213,1,unknown,no,A0421
422,Andrew  Meyer,Male,35,California,White Collar,09.May.2017,"$12,305.58 ",married,tertiary,yes,no,cellular,551,1,failure,no,A0422
423,Beth  Tucker,Female,27,California,White Collar,09.May.2017,"$90,157.64 ",single,tertiary,yes,no,cellular,472,2,unknown,no,A0423
424,Paulette  Spencer,Male,53,Nevada,Blue Collar,09.May.2017,"$100,805.72 ",single,tertiary,yes,no,cellular,140,4,failure,no,A0424
425,Rachel  Gomez,Male,45,Nevada,Other,09.May.2017,"$52,044.55 ",single,secondary,yes,no,unknown,142,1,unknown,no,A0425
426,Pauline  Beck,Male,55,Nevada,Blue Collar,09.May.2017,"$61,070.82 ",single,primary,yes,no,unknown,135,3,unknown,no,A0426
427,Ellen  Weaver,Male,24,Wyoming,White Collar,09.May.2017,"$97,798.91 ",married,primary,yes,yes,unknown,293,1,unknown,no,A0427
428,Cassandra  Franklin,Female,49,Wyoming,White Collar,09.May.2017,"$30,951.76 ",married,tertiary,yes,no,unknown,107,1,unknown,no,A0428
429,Trevor  Jones,Male,37,Wyoming,Other,09.May.2017,"$51,344.72 ",married,secondary,yes,no,unknown,127,2,unknown,no,A0429
430,Elvira  Bowman,Female,26,Wyoming,White Collar,09.May.2017,"$31,005.67 ",married,tertiary,yes,no,cellular,1816,1,unknown,no,A0430
431,Salvador  Bass,Female,29,Oregon,White Collar,09.May.2017,"$1,107.91 ",married,primary,no,no,cellular,200,3,unknown,no,A0431
432,Tracy  Reed,Female,29,Oregon,Other,09.May.2017,"$6,398.19 ",married,tertiary,yes,no,cellular,418,1,unknown,no,A0432
433,Peter  Hodges,Female,27,Oregon,White Collar,09.May.2017,"$35,628.06 ",single,tertiary,yes,no,cellular,387,4,unknown,no,A0433
434,Drew  Rogers,Female,27,Oregon,Other,09.May.2017,"$3,636.18 ",married,secondary,no,no,cellular,156,1,failure,no,A0434
435,Patty  Thompson,Male,35,California,White Collar,10.May.2017,"$22,449.39 ",married,tertiary,no,yes,cellular,121,2,unknown,no,A0435
436,Patty  Thompson,Female,24,California,Other,10.May.2017,"$116,280.12 ",divorced,tertiary,no,no,unknown,108,2,unknown,no,A0436
437,Brooke  Horton,Male,31,California,Blue Collar,10.May.2017,"$9,638.85 ",married,tertiary,yes,no,cellular,47,1,unknown,no,A0437
438,Max  Rodgers,Male,60,Nevada,White Collar,10.May.2017,"$2,775.33 ",single,secondary,yes,no,cellular,16,5,other,no,A0438
439,Donna  Reid,Male,26,Wyoming,Blue Collar,10.May.2017,"$4,788.49 ",married,secondary,yes,no,cellular,54,2,unknown,no,A0439
440,Edwin  Malone,Female,23,Wyoming,White Collar,10.May.2017,"$48,743.18 ",married,tertiary,yes,no,cellular,265,2,unknown,no,A0440
441,Kyle  Carr,Female,21,Oregon,Blue Collar,10.May.2017,"$90,055.34 ",divorced,tertiary,yes,no,unknown,168,1,unknown,no,A0441
442,Shari  Silva,Female,33,Oregon,Other,10.May.2017,"$108,671.51 ",single,secondary,yes,no,cellular,115,3,unknown,no,A0442
443,Eddie  Green,Male,27,California,White Collar,11.May.2017,"$160,129.43 ",single,secondary,no,no,cellular,31,8,unknown,no,A0443
444,Ellen  Weaver,Female,41,California,Blue Collar,11.May.2017,"$28,218.21 ",married,tertiary,yes,no,telephone,279,4,unknown,yes,A0444
445,Colleen  Warren,Female,43,California,White Collar,11.May.2017,"$67,157.78 ",married,secondary,no,no,cellular,28,2,unknown,no,A0445
446,Max  Rodgers,Male,37,California,White Collar,11.May.2017,"$99,687.81 ",married,secondary,yes,no,cellular,369,1,unknown,no,A0446
447,Tracy  Reed,Male,33,Nevada,Blue Collar,11.May.2017,"$113,537.55 ",married,secondary,yes,no,unknown,247,1,unknown,no,A0447
448,Colleen  Warren,Male,41,Nevada,Blue Collar,11.May.2017,"$32,142.72 ",married,tertiary,no,no,cellular,155,1,unknown,no,A0448
449,Cindy  Becker,Male,30,Oregon,White Collar,11.May.2017,"$61,600.69 ",married,secondary,no,no,cellular,89,1,unknown,no,A0449
450,Elvira  Bowman,Male,39,Oregon,Blue Collar,11.May.2017,"$4,235.70 ",married,tertiary,yes,no,cellular,180,1,unknown,no,A0450
451,Sonya  Mullins,Female,36,California,Blue Collar,12.May.2017,"$15,377.51 ",married,secondary,yes,no,cellular,854,1,unknown,yes,A0451
452,Ivan  Adkins,Male,40,California,White Collar,12.May.2017,"$23,115.16 ",divorced,secondary,yes,no,cellular,46,1,unknown,no,A0452
453,Robert  Munoz,Female,23,California,White Collar,12.May.2017,"$25,750.72 ",married,secondary,yes,yes,unknown,266,2,unknown,no,A0453
454,Patty  Thompson,Male,26,California,Other,12.May.2017,"$33,048.93 ",married,secondary,yes,no,cellular,321,2,unknown,no,A0454
455,Shari  Silva,Male,35,California,Blue Collar,12.May.2017,"$2,625.93 ",married,tertiary,no,no,cellular,99,24,unknown,no,A0455
456,Austin  Reynolds,Female,51,California,White Collar,12.May.2017,"$41,840.48 ",married,secondary,yes,no,unknown,147,1,unknown,no,A0456
457,Shari  Silva,Female,48,Nevada,Blue Collar,12.May.2017,"$27,968.28 ",single,tertiary,no,no,cellular,430,1,unknown,yes,A0457
458,Ernest  Davis,Male,59,Nevada,Blue Collar,12.May.2017,"$51,700.61 ",single,secondary,no,yes,cellular,264,1,unknown,no,A0458
459,Tiffany  May,Male,43,Nevada,Other,12.May.2017,"$85,895.85 ",single,secondary,no,no,cellular,156,6,unknown,no,A0459
460,Elbert  Klein,Female,54,Nevada,Other,12.May.2017,"$27,940.07 ",divorced,tertiary,no,no,cellular,118,1,failure,no,A0460
461,Cecilia  Manning,Male,52,Nevada,White Collar,12.May.2017,"$44,731.67 ",married,tertiary,no,no,unknown,343,3,unknown,no,A0461
462,Shari  Silva,Male,52,Nevada,Other,12.May.2017,"$10,397.79 ",married,secondary,yes,no,cellular,226,3,unknown,no,A0462
463,Cecilia  Manning,Male,46,Nevada,Blue Collar,12.May.2017,"$196,787.52 ",divorced,tertiary,no,no,unknown,5,1,unknown,no,A0463
464,Andrew  Meyer,Male,57,Nevada,Blue Collar,12.May.2017,"$39,702.16 ",divorced,secondary,yes,no,cellular,138,1,unknown,no,A0464
465,Allan  Ramos,Female,42,Nevada,Other,12.May.2017,"$72,323.10 ",married,secondary,yes,no,cellular,185,1,success,yes,A0465
466,Sylvester  Morales,Female,39,Wyoming,White Collar,12.May.2017,"$124,267.45 ",married,secondary,no,no,telephone,722,1,failure,no,A0466
467,Salvador  Bass,Female,20,Wyoming,Other,12.May.2017,"$1,925.40 ",married,secondary,yes,no,unknown,748,1,unknown,no,A0467
468,Dan  Peterson,Female,45,Wyoming,Other,12.May.2017,"$95,743.48 ",married,tertiary,yes,no,unknown,142,1,unknown,no,A0468
469,Dan  Peterson,Male,38,Wyoming,Blue Collar,12.May.2017,"$95,925.48 ",single,secondary,yes,no,cellular,523,3,unknown,no,A0469
470,Max  Rodgers,Male,27,Oregon,White Collar,12.May.2017,"$22,222.79 ",single,primary,yes,no,unknown,8,10,unknown,no,A0470
471,Cecilia  Manning,Female,35,Oregon,White Collar,12.May.2017,"$41,592.30 ",married,tertiary,yes,no,cellular,153,1,unknown,no,A0471
472,Joey  Wong,Female,23,Oregon,Other,12.May.2017,"$87,225.67 ",married,secondary,yes,no,unknown,210,2,unknown,no,A0472
473,Blake  Bridges,Male,32,Oregon,Other,12.May.2017,"$55,005.34 ",married,secondary,yes,no,cellular,121,1,unknown,no,A0473
474,Nellie  Joseph,Male,33,Oregon,White Collar,12.May.2017,"$99,465.55 ",married,secondary,no,no,cellular,212,1,unknown,yes,A0474
475,Willie  Vega,Male,37,California,White Collar,13.May.2017,"$151,786.15 ",married,tertiary,yes,no,unknown,253,3,unknown,no,A0475
476,Tiffany  May,Female,33,California,White Collar,13.May.2017,"$46,062.16 ",married,primary,yes,no,unknown,139,4,unknown,no,A0476
477,Marion  Glover,Female,31,California,White Collar,13.May.2017,"$55,091.00 ",married,secondary,yes,no,unknown,71,1,unknown,no,A0477
478,Della  Jensen,Female,33,California,White Collar,13.May.2017,"$13,535.04 ",married,tertiary,no,no,telephone,421,1,success,yes,A0478
479,Charlie  Wood,Male,43,Nevada,Other,13.May.2017,"$61,976.49 ",married,secondary,yes,no,unknown,199,1,unknown,no,A0479
480,Dan  Peterson,Male,45,Nevada,Blue Collar,13.May.2017,"$38,313.78 ",married,secondary,yes,no,unknown,108,1,unknown,no,A0480
481,Don  Gonzales,Female,48,Nevada,Blue Collar,13.May.2017,"$110,762.25 ",single,unknown,yes,no,unknown,247,2,unknown,no,A0481
482,Woodrow  Colon,Male,53,Nevada,White Collar,13.May.2017,"$28,404.52 ",single,secondary,yes,no,telephone,236,4,unknown,no,A0482
483,Eddie  Green,Male,47,Nevada,Other,13.May.2017,"$28,312.31 ",married,secondary,yes,no,cellular,97,4,failure,no,A0483
484,Guillermo  Potter,Male,39,Nevada,Blue Collar,13.May.2017,"$9,808.01 ",married,tertiary,no,no,cellular,109,8,unknown,no,A0484
485,Paulette  Spencer,Male,54,Nevada,White Collar,13.May.2017,"$108,196.27 ",married,tertiary,yes,no,cellular,112,2,unknown,no,A0485
486,Kyle  Carr,Male,53,Nevada,Blue Collar,13.May.2017,"$29,314.72 ",married,primary,yes,no,unknown,15,10,unknown,no,A0486
487,Sandra  Floyd,Female,19,Wyoming,White Collar,13.May.2017,"$46,226.85 ",divorced,secondary,yes,no,cellular,502,3,unknown,no,A0487
488,Ellen  Weaver,Female,35,Oregon,Other,13.May.2017,"$57,863.73 ",married,primary,yes,no,unknown,30,3,unknown,no,A0488
489,Peter  Hodges,Male,41,California,White Collar,14.May.2017,"$120,711.87 ",single,primary,yes,no,unknown,193,2,unknown,no,A0489
490,Edwin  Malone,Female,58,Nevada,Other,14.May.2017,"$106,998.07 ",married,tertiary,yes,no,cellular,347,2,unknown,no,A0490
491,Andrew  Meyer,Male,46,Nevada,Blue Collar,14.May.2017,"$21,726.31 ",married,unknown,yes,no,unknown,468,2,unknown,no,A0491
492,Lee  Mack,Male,50,Nevada,Blue Collar,14.May.2017,"$27,079.78 ",divorced,secondary,yes,no,unknown,148,1,unknown,no,A0492
493,Felicia  Jennings,Male,49,Nevada,Blue Collar,14.May.2017,"$190,868.93 ",married,secondary,no,no,telephone,295,1,success,yes,A0493
494,Cindy  Becker,Male,41,Wyoming,White Collar,14.May.2017,"$111,028.82 ",married,secondary,no,no,cellular,388,6,unknown,yes,A0494
495,Della  Jensen,Male,40,Wyoming,White Collar,14.May.2017,"$12,322.64 ",single,secondary,yes,no,cellular,1735,4,unknown,yes,A0495
496,Arturo  Francis,Female,41,Wyoming,Other,14.May.2017,"$32,370.04 ",divorced,tertiary,yes,no,unknown,339,1,unknown,no,A0496
497,Blake  Bridges,Female,26,Oregon,White Collar,14.May.2017,"$8,639.76 ",married,secondary,yes,no,cellular,172,1,failure,no,A0497
498,Brooke  Horton,Female,37,California,Blue Collar,15.May.2017,"$13,698.15 ",single,secondary,yes,yes,cellular,117,2,unknown,no,A0498
499,Edwin  Malone,Female,42,California,Other,15.May.2017,"$54,259.31 ",single,secondary,no,yes,unknown,587,2,unknown,no,A0499
500,Drew  Rogers,Female,32,California,Other,15.May.2017,"$66,579.19 ",single,tertiary,yes,no,cellular,501,2,unknown,no,A0500
501,Salvador  Bass,Female,42,California,White Collar,15.May.2017,"$70,686.00 ",single,tertiary,no,no,cellular,203,5,failure,no,A0501
502,Della  Jensen,Female,18,California,White Collar,15.May.2017,"$86,777.94 ",married,secondary,yes,yes,telephone,282,9,unknown,no,A0502
503,Isabel  Cross,Male,51,Nevada,Blue Collar,15.May.2017,"$1,372.12 ",married,tertiary,no,no,cellular,110,5,unknown,no,A0503
504,Mable  Lindsey,Male,51,Nevada,White Collar,15.May.2017,"$24,357.79 ",single,primary,no,no,cellular,104,2,unknown,yes,A0504
505,Lee  Mack,Male,42,Nevada,Blue Collar,15.May.2017,"$53,463.01 ",married,tertiary,no,no,cellular,231,1,unknown,no,A0505
506,Kyle  Carr,Male,53,Nevada,Blue Collar,15.May.2017,"$23,444.37 ",married,secondary,yes,no,unknown,378,3,unknown,no,A0506
507,Jaime  Pearson,Male,51,Nevada,Blue Collar,15.May.2017,"$128,317.45 ",single,primary,no,yes,cellular,193,6,unknown,no,A0507
508,Elaine  Ellis,Female,47,Nevada,Other,15.May.2017,"$23,041.10 ",divorced,tertiary,yes,no,unknown,110,5,unknown,no,A0508
509,Drew  Rogers,Female,31,Wyoming,White Collar,15.May.2017,"$81,619.16 ",single,secondary,yes,no,cellular,92,1,unknown,no,A0509
510,Bernadette  Page,Male,27,Wyoming,White Collar,15.May.2017,"$54,682.42 ",single,secondary,no,no,cellular,1407,1,unknown,yes,A0510
511,Della  Jensen,Female,51,Wyoming,Blue Collar,15.May.2017,"$61,070.28 ",married,secondary,yes,yes,cellular,168,1,failure,no,A0511
512,Ruben  Nunez,Female,57,Wyoming,White Collar,15.May.2017,"$68,571.93 ",married,tertiary,yes,no,cellular,738,3,unknown,no,A0512
513,Isabel  Cross,Female,20,Oregon,Other,15.May.2017,"$6,972.78 ",married,secondary,yes,no,cellular,220,1,failure,yes,A0513
514,Shari  Silva,Male,35,Oregon,Other,15.May.2017,"$94,927.06 ",divorced,tertiary,yes,no,unknown,89,2,unknown,no,A0514
515,Cecilia  Manning,Female,26,Oregon,White Collar,15.May.2017,"$139,337.75 ",married,tertiary,yes,no,cellular,30,29,unknown,no,A0515
516,Peter  Hodges,Female,29,Oregon,Other,15.May.2017,"$34,862.63 ",divorced,primary,no,no,cellular,103,1,failure,no,A0516
517,Trevor  Jones,Female,37,Oregon,Other,15.May.2017,"$9,635.24 ",married,tertiary,yes,yes,unknown,70,1,unknown,no,A0517
518,Max  Rodgers,Female,35,California,Blue Collar,16.May.2017,"$95,869.97 ",married,primary,yes,no,cellular,904,2,unknown,yes,A0518
519,Cindy  Becker,Male,19,California,White Collar,16.May.2017,"$105,084.96 ",married,tertiary,yes,no,cellular,159,1,other,no,A0519
520,Lorraine  Gibson,Female,42,California,White Collar,16.May.2017,"$43,856.85 ",married,secondary,no,no,cellular,336,1,other,no,A0520
521,Cassandra  Franklin,Female,23,California,Blue Collar,16.May.2017,"$40,482.52 ",married,secondary,no,no,unknown,220,1,unknown,no,A0521
522,Rachel  Gomez,Male,41,Nevada,White Collar,16.May.2017,"$49,767.34 ",married,secondary,no,no,telephone,238,1,unknown,no,A0522
523,Lynette  Brewer,Male,50,Nevada,Blue Collar,16.May.2017,"$137,802.49 ",divorced,secondary,yes,no,cellular,585,4,failure,no,A0523
524,Sandra  Floyd,Male,31,Wyoming,White Collar,16.May.2017,"$217,902.96 ",married,primary,no,no,cellular,293,3,unknown,no,A0524
525,Robert  Munoz,Male,23,Wyoming,Blue Collar,16.May.2017,"$84,453.48 ",married,secondary,yes,no,unknown,68,1,unknown,no,A0525
526,Don  Gonzales,Female,40,Wyoming,Other,16.May.2017,"$86,121.49 ",married,primary,no,no,unknown,97,1,unknown,no,A0526
527,Cassandra  Franklin,Female,32,Wyoming,White Collar,16.May.2017,"$64,705.75 ",married,secondary,yes,no,unknown,1713,1,unknown,no,A0527
528,Shari  Silva,Female,30,Wyoming,Other,16.May.2017,"$50,999.43 ",divorced,secondary,no,no,cellular,218,3,unknown,no,A0528
529,Sandra  Floyd,Female,24,Wyoming,White Collar,16.May.2017,"$77,539.55 ",married,primary,yes,no,cellular,109,1,failure,no,A0529
530,Cassandra  Franklin,Female,36,Wyoming,White Collar,16.May.2017,"$109,720.60 ",married,tertiary,yes,no,telephone,661,1,unknown,no,A0530
531,Paulette  Spencer,Female,23,Wyoming,White Collar,16.May.2017,"$76,281.67 ",single,secondary,yes,no,cellular,145,1,unknown,no,A0531
532,Patty  Thompson,Male,53,Nevada,Blue Collar,17.May.2017,"$14,225.16 ",married,primary,yes,no,telephone,54,4,unknown,no,A0532
533,Don  Gonzales,Female,56,Nevada,Other,17.May.2017,"$30,954.87 ",single,secondary,yes,no,cellular,111,1,unknown,no,A0533
534,Max  Rodgers,Male,62,Nevada,Blue Collar,17.May.2017,"$9,362.60 ",divorced,secondary,yes,no,unknown,566,2,unknown,no,A0534
535,Kyle  Carr,Male,46,Nevada,Blue Collar,17.May.2017,$594.81 ,married,secondary,no,no,cellular,136,1,unknown,no,A0535
536,Jenny  Garcia,Male,47,Nevada,Blue Collar,17.May.2017,"$27,590.57 ",married,primary,no,no,cellular,273,1,unknown,no,A0536
537,Trevor  Jones,Female,50,Nevada,Other,17.May.2017,"$18,993.70 ",married,tertiary,no,no,cellular,160,1,unknown,no,A0537
538,Andrew  Meyer,Male,44,Nevada,Blue Collar,17.May.2017,"$91,096.19 ",single,secondary,no,no,cellular,76,4,unknown,no,A0538
539,Billie  Chandler,Female,23,Wyoming,Blue Collar,17.May.2017,"$120,524.85 ",married,tertiary,no,no,cellular,44,1,unknown,no,A0539
540,Iris  Underwood,Female,31,Oregon,Other,17.May.2017,"$180,794.13 ",married,secondary,yes,yes,unknown,239,1,unknown,no,A0540
541,Della  Jensen,Female,30,Oregon,Blue Collar,17.May.2017,"$9,152.78 ",single,secondary,no,no,cellular,250,2,success,yes,A0541
542,Shari  Silva,Female,31,California,White Collar,18.May.2017,"$85,876.84 ",single,unknown,no,no,cellular,792,4,unknown,no,A0542
543,Robert  Munoz,Female,35,California,White Collar,18.May.2017,"$69,285.72 ",married,secondary,yes,no,cellular,198,13,unknown,no,A0543
544,Brooke  Horton,Male,29,California,White Collar,18.May.2017,"$109,278.97 ",married,secondary,yes,no,unknown,73,1,unknown,no,A0544
545,Sandra  Floyd,Female,36,California,Blue Collar,18.May.2017,"$131,449.61 ",married,secondary,no,no,cellular,157,3,unknown,no,A0545
546,Edwin  Malone,Female,24,California,Blue Collar,18.May.2017,"$16,142.30 ",married,primary,yes,no,cellular,90,6,unknown,no,A0546
547,Eddie  Green,Female,40,California,White Collar,18.May.2017,"$11,826.75 ",married,secondary,no,no,cellular,236,2,unknown,no,A0547
548,Isabel  Cross,Female,63,Nevada,Other,18.May.2017,"$14,943.34 ",married,tertiary,no,no,cellular,118,5,unknown,no,A0548
549,Lynette  Brewer,Male,55,Nevada,Other,18.May.2017,"$53,218.30 ",single,tertiary,no,no,telephone,40,1,unknown,no,A0549
550,Drew  Rogers,Female,34,Wyoming,Blue Collar,18.May.2017,"$4,286.48 ",single,secondary,yes,no,cellular,346,1,unknown,no,A0550
551,Jaime  Pearson,Male,35,Wyoming,Other,18.May.2017,"$11,505.79 ",married,primary,no,no,unknown,200,2,unknown,no,A0551
552,Cecilia  Manning,Female,38,Wyoming,White Collar,18.May.2017,"$59,817.30 ",married,secondary,yes,no,cellular,187,3,other,no,A0552
553,Austin  Reynolds,Female,33,Wyoming,Blue Collar,18.May.2017,"$80,170.58 ",married,secondary,no,no,cellular,113,1,failure,no,A0553
554,Patty  Thompson,Female,26,Oregon,Other,18.May.2017,"$49,163.43 ",married,tertiary,yes,no,unknown,192,32,unknown,no,A0554
555,Rachel  Gomez,Female,38,Oregon,Other,18.May.2017,"$21,798.73 ",single,secondary,no,no,unknown,92,1,unknown,no,A0555
556,Della  Jensen,Female,38,Oregon,Other,18.May.2017,"$42,369.72 ",married,secondary,yes,no,cellular,682,2,success,no,A0556
557,Isabel  Cross,Female,23,Oregon,Other,18.May.2017,"$31,626.94 ",married,primary,no,no,cellular,139,9,unknown,no,A0557
558,Donna  Reid,Female,42,California,Other,19.May.2017,"$39,665.79 ",single,tertiary,no,no,cellular,501,2,unknown,yes,A0558
559,Ellen  Weaver,Female,34,California,White Collar,19.May.2017,"$22,948.52 ",married,secondary,no,yes,cellular,651,1,unknown,yes,A0559
560,Rachel  Gomez,Male,34,California,Other,19.May.2017,"$69,018.39 ",divorced,secondary,yes,no,cellular,405,13,unknown,no,A0560
561,Andrew  Meyer,Female,30,California,White Collar,19.May.2017,"$98,363.51 ",married,secondary,yes,no,unknown,350,1,unknown,no,A0561
562,Robert  Munoz,Male,27,California,White Collar,19.May.2017,"$35,076.43 ",single,secondary,no,no,cellular,125,2,unknown,no,A0562
563,Bethany  Pena,Female,52,California,Blue Collar,19.May.2017,"$113,995.88 ",married,secondary,yes,no,cellular,36,2,unknown,no,A0563
564,Lee  Mack,Male,27,California,White Collar,19.May.2017,"$18,537.12 ",married,secondary,yes,no,cellular,35,1,failure,no,A0564
565,Herman  Williams,Female,31,California,Other,19.May.2017,"$31,763.48 ",married,secondary,yes,no,unknown,389,2,unknown,no,A0565
566,Cassandra  Franklin,Female,36,California,White Collar,19.May.2017,"$11,167.60 ",married,secondary,yes,yes,cellular,194,1,failure,no,A0566
567,Cassandra  Franklin,Female,26,California,White Collar,19.May.2017,"$40,721.45 ",single,tertiary,no,no,cellular,168,3,unknown,no,A0567
568,Della  Jensen,Male,35,California,White Collar,19.May.2017,"$99,352.67 ",divorced,tertiary,yes,no,unknown,347,3,unknown,no,A0568
569,Ivan  Adkins,Female,39,California,White Collar,19.May.2017,"$109,487.87 ",married,primary,no,no,cellular,3025,2,unknown,no,A0569
570,Robert  Munoz,Female,34,California,Other,19.May.2017,"$53,251.22 ",single,secondary,no,no,cellular,83,13,unknown,no,A0570
571,Marion  Glover,Male,31,California,White Collar,19.May.2017,"$119,020.46 ",married,unknown,yes,no,unknown,332,2,unknown,no,A0571
572,Della  Jensen,Male,51,California,White Collar,19.May.2017,"$108,569.45 ",married,secondary,no,no,cellular,219,10,unknown,no,A0572
573,Christina  Fuller,Male,35,California,White Collar,19.May.2017,"$67,425.60 ",married,tertiary,yes,no,cellular,427,1,failure,no,A0573
574,Della  Jensen,Male,25,California,Other,19.May.2017,"$12,712.64 ",married,secondary,no,no,cellular,65,5,unknown,no,A0574
575,Mable  Lindsey,Male,20,California,White Collar,19.May.2017,"$4,648.51 ",divorced,secondary,yes,no,cellular,192,2,unknown,no,A0575
576,Drew  Rogers,Female,26,California,White Collar,19.May.2017,"$82,097.67 ",married,unknown,no,no,cellular,155,1,unknown,no,A0576
577,Salvador  Bass,Female,43,California,Other,19.May.2017,"$122,757.85 ",married,secondary,yes,yes,cellular,161,1,unknown,no,A0577
578,Elvira  Bowman,Male,33,California,Blue Collar,19.May.2017,"$188,283.58 ",married,tertiary,yes,no,cellular,533,1,unknown,no,A0578
579,Marion  Glover,Male,47,Nevada,Other,19.May.2017,"$66,064.07 ",married,secondary,no,no,cellular,19,3,other,no,A0579
580,Lula  Daniels,Male,52,Nevada,Other,19.May.2017,"$33,486.12 ",single,tertiary,no,yes,cellular,193,1,failure,no,A0580
581,Andrew  Meyer,Male,46,Nevada,Blue Collar,19.May.2017,"$21,798.36 ",married,tertiary,yes,yes,cellular,819,3,unknown,no,A0581
582,Donna  Reid,Female,42,Nevada,Blue Collar,19.May.2017,"$35,950.75 ",single,secondary,no,no,cellular,278,1,unknown,yes,A0582
583,Patty  Thompson,Female,56,Nevada,Other,19.May.2017,"$68,706.13 ",married,secondary,yes,yes,telephone,211,3,unknown,no,A0583
584,Elaine  Ellis,Male,44,Nevada,Blue Collar,19.May.2017,"$90,244.10 ",single,tertiary,no,no,cellular,617,2,unknown,no,A0584
585,Cindy  Becker,Male,58,Nevada,Other,19.May.2017,"$81,699.88 ",married,secondary,yes,no,cellular,61,2,unknown,no,A0585
586,Peter  Hodges,Male,44,Nevada,Blue Collar,19.May.2017,"$9,697.15 ",divorced,tertiary,yes,no,cellular,197,6,unknown,no,A0586
587,Rachel  Gomez,Male,51,Nevada,Blue Collar,19.May.2017,"$64,963.52 ",single,secondary,yes,no,cellular,34,7,unknown,no,A0587
588,Marion  Glover,Male,46,Nevada,Blue Collar,19.May.2017,"$38,945.88 ",married,tertiary,yes,yes,cellular,95,4,unknown,no,A0588
589,Isabel  Cross,Male,43,Nevada,Blue Collar,19.May.2017,"$96,241.94 ",married,secondary,yes,no,unknown,147,2,unknown,no,A0589
590,Tiffany  May,Male,53,Nevada,Blue Collar,19.May.2017,"$53,579.06 ",married,secondary,no,yes,cellular,668,2,unknown,no,A0590
591,Jenny  Garcia,Male,41,Nevada,Blue Collar,19.May.2017,"$78,190.18 ",married,tertiary,no,no,unknown,87,2,unknown,no,A0591
592,Edwin  Malone,Female,27,Wyoming,White Collar,19.May.2017,"$147,075.76 ",married,secondary,no,yes,cellular,405,1,unknown,no,A0592
593,Sandra  Floyd,Female,33,Wyoming,Other,19.May.2017,"$49,810.19 ",married,secondary,yes,yes,unknown,83,7,unknown,no,A0593
594,Billie  Chandler,Female,39,Wyoming,White Collar,19.May.2017,"$60,650.96 ",married,secondary,no,no,cellular,115,1,unknown,no,A0594
595,Della  Jensen,Male,34,Wyoming,Blue Collar,19.May.2017,"$91,672.48 ",single,tertiary,yes,no,cellular,108,1,unknown,no,A0595
596,Sylvester  Morales,Female,36,Wyoming,White Collar,19.May.2017,"$85,057.91 ",married,unknown,no,no,cellular,113,1,unknown,no,A0596
597,Robert  Munoz,Male,36,Wyoming,White Collar,19.May.2017,"$89,676.90 ",married,primary,yes,no,cellular,58,2,failure,no,A0597
598,Don  Gonzales,Male,39,Wyoming,Blue Collar,19.May.2017,"$76,615.27 ",married,primary,no,no,cellular,148,4,unknown,no,A0598
599,Shari  Silva,Female,33,Wyoming,White Collar,19.May.2017,"$2,670.54 ",divorced,unknown,yes,no,cellular,188,1,failure,no,A0599
600,Max  Rodgers,Female,24,Oregon,Other,19.May.2017,"$50,164.72 ",divorced,secondary,yes,no,telephone,75,3,unknown,no,A0600
601,Christy  Olson,Male,32,Oregon,Blue Collar,19.May.2017,"$46,152.93 ",divorced,tertiary,yes,yes,cellular,523,3,unknown,no,A0601
602,Mable  Lindsey,Female,24,Oregon,White Collar,19.May.2017,"$94,133.43 ",married,tertiary,yes,yes,telephone,103,1,unknown,no,A0602
603,Cecilia  Manning,Female,31,California,White Collar,20.May.2017,"$61,496.16 ",married,primary,yes,no,cellular,146,2,success,no,A0603
604,Rachel  Gomez,Female,31,California,White Collar,20.May.2017,"$32,670.87 ",single,secondary,no,no,cellular,356,1,unknown,yes,A0604
605,Cassandra  Franklin,Female,45,California,White Collar,20.May.2017,"$111,398.46 ",married,primary,yes,no,cellular,71,1,unknown,no,A0605
606,Shari  Silva,Female,42,California,White Collar,20.May.2017,"$6,345.03 ",married,secondary,yes,yes,cellular,189,2,unknown,no,A0606
607,Patty  Thompson,Male,45,Nevada,White Collar,20.May.2017,"$15,332.51 ",married,secondary,yes,no,unknown,251,1,unknown,no,A0607
608,Rachel  Gomez,Male,44,Nevada,Other,20.May.2017,"$13,522.42 ",divorced,tertiary,no,no,cellular,127,8,unknown,no,A0608
609,Elvira  Bowman,Male,58,Nevada,Other,20.May.2017,"$128,418.75 ",single,tertiary,no,no,telephone,197,1,unknown,no,A0609
610,Jenny  Garcia,Male,52,Nevada,Blue Collar,20.May.2017,"$144,489.21 ",married,tertiary,yes,yes,cellular,84,1,unknown,no,A0610
611,Cecilia  Manning,Female,36,Wyoming,Blue Collar,20.May.2017,"$39,973.81 ",single,secondary,no,no,unknown,141,2,unknown,no,A0611
612,Don  Gonzales,Female,24,Wyoming,White Collar,20.May.2017,"$24,830.96 ",married,secondary,yes,no,unknown,171,1,unknown,no,A0612
613,Robert  Munoz,Male,31,Wyoming,White Collar,20.May.2017,"$50,757.61 ",single,tertiary,no,no,cellular,262,3,unknown,no,A0613
614,Jenny  Garcia,Female,38,Wyoming,Blue Collar,20.May.2017,"$41,553.90 ",married,tertiary,no,no,cellular,352,2,unknown,yes,A0614
615,Dan  Peterson,Female,42,Wyoming,Other,20.May.2017,"$35,849.70 ",married,tertiary,yes,no,cellular,236,1,failure,no,A0615
616,Pauline  Beck,Female,40,California,White Collar,21.May.2017,"$33,836.03 ",married,secondary,yes,no,unknown,184,1,unknown,no,A0616
617,Pauline  Beck,Male,32,California,Blue Collar,21.May.2017,"$6,829.04 ",single,tertiary,yes,yes,cellular,568,2,unknown,no,A0617
618,Max  Rodgers,Male,42,California,White Collar,21.May.2017,"$24,231.52 ",single,secondary,no,no,cellular,105,2,unknown,no,A0618
619,Isabel  Cross,Male,49,Nevada,Blue Collar,21.May.2017,"$47,975.30 ",married,tertiary,yes,no,cellular,260,1,unknown,no,A0619
620,Della  Jensen,Male,51,Nevada,Blue Collar,21.May.2017,"$81,108.69 ",married,tertiary,no,no,cellular,222,3,success,yes,A0620
621,Rachel  Gomez,Male,51,Nevada,Blue Collar,21.May.2017,"$90,830.21 ",married,primary,yes,no,unknown,447,2,unknown,no,A0621
622,Cecilia  Manning,Male,49,Nevada,White Collar,21.May.2017,"$101,867.63 ",single,tertiary,yes,no,cellular,239,8,unknown,no,A0622
623,Lorraine  Gibson,Male,53,Nevada,Other,21.May.2017,"$165,204.78 ",single,secondary,yes,no,cellular,426,1,unknown,no,A0623
624,Rachel  Gomez,Male,40,Wyoming,Blue Collar,21.May.2017,"$51,229.40 ",single,tertiary,no,no,cellular,333,1,failure,no,A0624
625,Isabel  Cross,Male,22,Oregon,White Collar,21.May.2017,"$15,629.10 ",married,tertiary,no,no,cellular,174,2,unknown,no,A0625
626,Ivan  Adkins,Female,36,California,White Collar,22.May.2017,"$41,423.33 ",married,secondary,yes,yes,unknown,284,2,unknown,no,A0626
627,Pauline  Beck,Male,44,California,White Collar,22.May.2017,"$141,001.30 ",single,tertiary,yes,no,cellular,428,1,unknown,no,A0627
628,Isabel  Cross,Female,33,California,White Collar,22.May.2017,"$33,412.55 ",married,secondary,yes,yes,cellular,236,1,unknown,no,A0628
629,Bethany  Pena,Male,48,Nevada,Other,22.May.2017,"$12,110.19 ",married,secondary,no,no,cellular,150,2,unknown,no,A0629
630,Christina  Fuller,Male,51,Nevada,Blue Collar,22.May.2017,"$188,553.37 ",married,tertiary,no,no,cellular,237,1,failure,no,A0630
631,Trevor  Jones,Male,57,Nevada,Blue Collar,22.May.2017,"$75,304.09 ",single,tertiary,yes,yes,cellular,1031,8,unknown,yes,A0631
632,Cindy  Becker,Male,64,Nevada,Blue Collar,22.May.2017,"$23,744.73 ",married,tertiary,no,no,cellular,107,1,failure,no,A0632
633,Nellie  Joseph,Male,42,Wyoming,White Collar,22.May.2017,"$59,086.00 ",married,secondary,yes,no,unknown,45,13,unknown,no,A0633
634,Salvador  Bass,Female,50,Wyoming,White Collar,22.May.2017,"$86,002.69 ",married,secondary,no,no,cellular,140,10,unknown,no,A0634
635,Eric  Rose,Female,34,Wyoming,White Collar,22.May.2017,"$72,209.49 ",divorced,tertiary,no,no,unknown,700,1,unknown,yes,A0635
636,Shari  Silva,Female,30,Wyoming,White Collar,22.May.2017,"$30,261.33 ",divorced,tertiary,no,yes,cellular,155,1,unknown,no,A0636
637,Salvador  Bass,Female,40,Wyoming,White Collar,22.May.2017,"$27,429.88 ",divorced,primary,yes,no,unknown,211,5,unknown,no,A0637
638,Sylvester  Morales,Female,46,Oregon,Blue Collar,22.May.2017,"$34,188.06 ",married,secondary,no,no,cellular,165,4,unknown,no,A0638
639,Arturo  Francis,Male,28,Oregon,White Collar,22.May.2017,"$218,759.37 ",divorced,secondary,no,yes,cellular,144,5,unknown,no,A0639
640,Eric  Rose,Male,38,California,Blue Collar,23.May.2017,"$71,378.57 ",single,tertiary,yes,no,unknown,590,3,unknown,yes,A0640
641,Lance  Yates,Female,38,California,Other,23.May.2017,"$45,951.25 ",divorced,unknown,no,no,unknown,43,8,unknown,no,A0641
642,Sandra  Floyd,Male,29,California,Blue Collar,23.May.2017,"$93,477.69 ",married,unknown,no,no,unknown,471,2,unknown,no,A0642
643,Cindy  Becker,Female,32,California,Other,23.May.2017,"$118,830.61 ",single,secondary,yes,no,unknown,295,2,unknown,no,A0643
644,Ernest  Davis,Male,48,Nevada,Blue Collar,23.May.2017,"$14,920.63 ",married,tertiary,yes,no,unknown,526,2,unknown,yes,A0644
645,Iris  Underwood,Female,47,Nevada,Other,23.May.2017,"$28,904.33 ",single,tertiary,yes,yes,cellular,27,10,unknown,no,A0645
646,Paulette  Spencer,Male,50,Nevada,Blue Collar,23.May.2017,"$105,729.97 ",married,secondary,no,no,cellular,1181,4,unknown,yes,A0646
647,Robert  Munoz,Male,50,Nevada,Other,23.May.2017,"$72,322.67 ",married,tertiary,no,no,cellular,103,2,unknown,no,A0647
648,Della  Jensen,Male,52,Nevada,Blue Collar,23.May.2017,"$74,014.78 ",divorced,tertiary,yes,no,telephone,249,3,failure,no,A0648
649,Don  Gonzales,Male,53,Nevada,Blue Collar,23.May.2017,"$49,654.27 ",married,secondary,yes,no,cellular,231,4,unknown,no,A0649
650,Robert  Munoz,Female,26,Wyoming,Blue Collar,23.May.2017,"$59,617.39 ",married,primary,yes,yes,cellular,123,2,failure,no,A0650
651,Marian  Hill,Female,46,Wyoming,White Collar,23.May.2017,"$45,155.63 ",single,tertiary,yes,no,cellular,199,2,failure,no,A0651
652,Sonya  Mullins,Female,34,Wyoming,White Collar,23.May.2017,"$42,196.21 ",single,tertiary,no,no,cellular,197,1,failure,no,A0652
653,Carla  Mccormick,Male,35,Oregon,White Collar,23.May.2017,"$17,369.25 ",divorced,tertiary,yes,no,unknown,67,2,unknown,no,A0653
654,Bernadette  Page,Male,25,Oregon,Other,23.May.2017,$526.94 ,married,secondary,no,yes,cellular,220,1,unknown,no,A0654
655,Felicia  Jennings,Male,30,California,White Collar,24.May.2017,"$27,088.27 ",married,secondary,no,no,cellular,122,6,unknown,no,A0655
656,Max  Rodgers,Male,32,California,Other,24.May.2017,"$78,477.18 ",married,primary,yes,no,unknown,104,7,unknown,no,A0656
657,Felicia  Jennings,Female,48,California,White Collar,24.May.2017,"$39,540.70 ",divorced,primary,yes,no,cellular,307,6,unknown,no,A0657
658,Elvira  Bowman,Male,45,Nevada,Other,24.May.2017,"$25,109.87 ",married,primary,no,no,cellular,117,1,success,no,A0658
659,Cecilia  Manning,Male,52,Nevada,Blue Collar,24.May.2017,"$25,147.76 ",married,secondary,no,no,cellular,253,1,success,no,A0659
660,Christina  Fuller,Male,53,Nevada,Blue Collar,24.May.2017,"$98,998.22 ",married,tertiary,yes,no,cellular,770,2,unknown,no,A0660
661,Eddie  Green,Male,51,Nevada,Blue Collar,24.May.2017,"$38,597.48 ",divorced,secondary,yes,yes,cellular,190,1,other,no,A0661
662,Drew  Rogers,Male,48,Nevada,Blue Collar,24.May.2017,"$44,030.55 ",single,tertiary,yes,no,cellular,767,5,unknown,yes,A0662
663,Bethany  Pena,Male,52,Nevada,Other,24.May.2017,"$87,267.73 ",single,tertiary,yes,no,cellular,232,2,unknown,yes,A0663
664,Sonya  Mullins,Male,38,Nevada,White Collar,24.May.2017,"$59,255.49 ",married,primary,yes,no,cellular,854,2,other,no,A0664
665,Cecilia  Manning,Male,48,Nevada,Other,24.May.2017,"$28,983.12 ",single,secondary,yes,no,unknown,293,6,unknown,no,A0665
666,Blake  Bridges,Male,35,Wyoming,Blue Collar,24.May.2017,"$56,776.40 ",married,secondary,no,no,telephone,986,1,failure,no,A0666
667,Colleen  Warren,Male,35,Wyoming,White Collar,24.May.2017,"$124,964.43 ",married,tertiary,no,no,cellular,66,1,unknown,no,A0667
668,Herman  Williams,Male,33,Wyoming,White Collar,24.May.2017,"$63,504.03 ",married,primary,no,yes,cellular,114,1,failure,no,A0668
669,Trevor  Jones,Male,52,Nevada,Blue Collar,25.May.2017,"$125,226.63 ",divorced,secondary,no,no,cellular,205,1,unknown,no,A0669
670,Andrew  Meyer,Male,42,Nevada,Blue Collar,25.May.2017,"$97,991.60 ",married,secondary,no,yes,telephone,31,4,unknown,no,A0670
671,Carla  Mccormick,Female,61,Nevada,Other,25.May.2017,"$12,487.46 ",married,secondary,no,no,unknown,113,1,unknown,no,A0671
672,Cecilia  Manning,Female,59,Nevada,Other,25.May.2017,"$35,931.63 ",married,secondary,yes,no,cellular,200,1,failure,no,A0672
673,Shari  Silva,Male,53,Nevada,Other,25.May.2017,"$106,683.04 ",married,unknown,yes,no,cellular,158,1,failure,no,A0673
674,Tracy  Reed,Male,55,Nevada,Blue Collar,25.May.2017,"$48,672.04 ",married,tertiary,yes,no,unknown,99,4,unknown,no,A0674
675,Marian  Hill,Male,26,Wyoming,Blue Collar,25.May.2017,"$16,530.64 ",divorced,secondary,no,no,cellular,45,3,unknown,no,A0675
676,Bernadette  Page,Female,22,Oregon,Other,25.May.2017,"$44,950.58 ",married,secondary,yes,no,cellular,239,4,other,no,A0676
677,Drew  Rogers,Male,41,California,White Collar,26.May.2017,"$36,653.72 ",single,tertiary,yes,no,telephone,168,3,unknown,no,A0677
678,Beth  Tucker,Female,25,California,White Collar,26.May.2017,"$1,381.04 ",married,secondary,no,yes,cellular,196,2,unknown,no,A0678
679,Robert  Munoz,Female,29,California,White Collar,26.May.2017,"$22,972.79 ",single,secondary,no,no,unknown,319,6,unknown,no,A0679
680,Austin  Reynolds,Female,40,California,Blue Collar,26.May.2017,"$113,570.34 ",married,primary,no,no,unknown,209,3,unknown,no,A0680
681,Billie  Chandler,Female,52,Nevada,Other,26.May.2017,"$26,862.96 ",single,unknown,no,no,cellular,184,1,unknown,no,A0681
682,Shari  Silva,Male,37,Nevada,Other,26.May.2017,"$99,286.15 ",married,secondary,no,yes,cellular,156,2,unknown,no,A0682
683,Ernest  Davis,Male,60,Nevada,Blue Collar,26.May.2017,"$20,542.88 ",married,secondary,yes,no,cellular,35,16,unknown,no,A0683
684,Salvador  Bass,Male,23,Nevada,Blue Collar,26.May.2017,"$86,443.43 ",single,tertiary,yes,no,cellular,88,2,unknown,no,A0684
685,Della  Jensen,Female,42,Wyoming,Blue Collar,26.May.2017,"$45,715.30 ",single,secondary,no,no,cellular,347,3,success,yes,A0685
686,Mable  Lindsey,Male,34,Wyoming,Blue Collar,26.May.2017,"$126,712.52 ",married,secondary,yes,no,cellular,126,2,failure,no,A0686
687,Mable  Lindsey,Male,36,Wyoming,Other,26.May.2017,$597.22 ,married,tertiary,yes,no,cellular,157,5,unknown,no,A0687
688,Isabel  Cross,Female,33,Wyoming,White Collar,26.May.2017,"$53,186.97 ",married,primary,yes,no,unknown,212,5,unknown,no,A0688
689,Joey  Wong,Male,33,Wyoming,White Collar,26.May.2017,"$46,727.57 ",married,primary,no,no,telephone,123,1,unknown,no,A0689
690,Bobbie  Ryan,Female,42,Oregon,Other,26.May.2017,"$143,325.24 ",single,tertiary,yes,yes,unknown,306,5,unknown,no,A0690
691,Cassandra  Franklin,Male,18,Oregon,White Collar,26.May.2017,"$58,028.03 ",single,secondary,yes,no,unknown,63,1,unknown,no,A0691
692,Johanna  Boone,Female,34,Oregon,Other,26.May.2017,"$181,799.70 ",single,tertiary,no,yes,cellular,119,1,unknown,no,A0692
693,Ellen  Weaver,Male,32,California,White Collar,27.May.2017,"$16,307.03 ",single,primary,yes,no,unknown,29,1,unknown,no,A0693
694,Colleen  Warren,Male,29,California,White Collar,27.May.2017,"$31,296.01 ",married,unknown,no,no,cellular,117,2,unknown,no,A0694
695,Drew  Rogers,Female,45,California,White Collar,27.May.2017,"$117,909.45 ",married,tertiary,no,no,cellular,231,2,unknown,no,A0695
696,Bethany  Pena,Male,44,Nevada,Other,27.May.2017,"$45,882.60 ",married,secondary,no,yes,cellular,123,4,unknown,no,A0696
697,Brooke  Horton,Male,45,Nevada,Other,27.May.2017,"$110,790.58 ",married,tertiary,yes,no,cellular,265,1,unknown,no,A0697
698,Carla  Mccormick,Male,45,Nevada,Blue Collar,27.May.2017,"$79,231.64 ",married,secondary,yes,no,cellular,144,1,unknown,no,A0698
699,Lee  Mack,Male,60,Nevada,Other,27.May.2017,"$73,254.49 ",single,secondary,no,yes,unknown,559,3,unknown,no,A0699
700,Trevor  Jones,Male,58,Nevada,Blue Collar,27.May.2017,"$91,588.33 ",married,tertiary,no,no,cellular,74,1,failure,no,A0700
701,Max  Rodgers,Male,48,Nevada,Other,27.May.2017,"$25,761.96 ",married,secondary,yes,no,cellular,183,1,unknown,no,A0701
702,Cassandra  Franklin,Female,31,Wyoming,White Collar,27.May.2017,"$84,884.93 ",single,tertiary,yes,no,cellular,631,1,unknown,no,A0702
703,Jenny  Garcia,Female,34,Wyoming,White Collar,27.May.2017,"$37,008.33 ",divorced,tertiary,no,no,cellular,1282,6,unknown,yes,A0703
704,Carla  Mccormick,Female,40,Wyoming,White Collar,27.May.2017,"$33,866.15 ",married,secondary,no,no,unknown,108,2,unknown,no,A0704
705,Drew  Rogers,Male,34,Wyoming,White Collar,27.May.2017,"$30,424.70 ",married,unknown,no,no,unknown,1199,1,unknown,yes,A0705
706,Isabel  Cross,Female,28,Oregon,White Collar,27.May.2017,"$51,544.31 ",divorced,tertiary,yes,no,unknown,736,2,unknown,yes,A0706
707,Cindy  Becker,Male,29,California,White Collar,28.May.2017,"$111,734.31 ",single,tertiary,no,no,cellular,264,1,unknown,no,A0707
708,Trevor  Jones,Female,32,California,White Collar,28.May.2017,"$114,203.25 ",married,primary,no,no,unknown,262,1,unknown,no,A0708
709,Jaime  Pearson,Female,38,California,White Collar,28.May.2017,"$27,116.72 ",married,secondary,yes,no,unknown,244,1,unknown,no,A0709
710,Eddie  Green,Female,39,California,White Collar,28.May.2017,"$77,763.12 ",married,primary,no,no,unknown,107,2,unknown,no,A0710
711,Bobbie  Ryan,Female,53,Nevada,Other,28.May.2017,"$122,626.13 ",married,primary,no,no,unknown,9,1,unknown,no,A0711
712,Della  Jensen,Male,54,Nevada,Blue Collar,28.May.2017,"$129,924.06 ",divorced,secondary,no,no,cellular,149,2,unknown,no,A0712
713,Arturo  Francis,Male,54,Nevada,Blue Collar,28.May.2017,"$82,331.87 ",single,tertiary,no,no,cellular,321,2,unknown,no,A0713
714,Isabel  Cross,Male,45,Nevada,Other,28.May.2017,"$23,049.69 ",single,secondary,no,no,cellular,224,1,failure,no,A0714
715,Andrew  Meyer,Male,56,Nevada,Blue Collar,28.May.2017,"$30,964.25 ",single,tertiary,no,no,cellular,157,6,unknown,no,A0715
716,Brooke  Horton,Female,59,Nevada,White Collar,28.May.2017,"$65,863.81 ",single,secondary,no,no,cellular,250,1,unknown,no,A0716
717,Cecilia  Manning,Female,30,Wyoming,White Collar,28.May.2017,"$24,033.76 ",married,secondary,no,no,cellular,209,4,unknown,no,A0717
718,Patty  Thompson,Male,32,Wyoming,White Collar,28.May.2017,"$56,064.51 ",married,tertiary,no,no,unknown,111,3,unknown,no,A0718
719,Jenny  Garcia,Male,32,Wyoming,White Collar,28.May.2017,"$131,963.96 ",married,secondary,yes,no,cellular,55,2,failure,no,A0719
720,Salvador  Bass,Male,26,Oregon,White Collar,28.May.2017,"$1,474.24 ",married,secondary,yes,yes,cellular,290,13,unknown,no,A0720
721,Don  Gonzales,Male,33,Oregon,White Collar,28.May.2017,"$139,588.12 ",married,tertiary,no,no,unknown,383,1,unknown,no,A0721
722,Ben  Perez,Female,36,California,White Collar,29.May.2017,"$76,927.88 ",single,tertiary,yes,no,cellular,380,1,unknown,no,A0722
723,Max  Rodgers,Male,43,California,White Collar,29.May.2017,"$59,585.69 ",married,tertiary,no,no,cellular,124,3,unknown,no,A0723
724,Paulette  Spencer,Female,41,California,White Collar,29.May.2017,"$5,649.69 ",married,secondary,yes,yes,unknown,224,2,unknown,no,A0724
725,Cassandra  Franklin,Male,59,Nevada,Blue Collar,29.May.2017,"$38,679.43 ",single,secondary,no,no,cellular,240,1,other,no,A0725
726,Della  Jensen,Male,43,Nevada,Other,29.May.2017,"$3,524.13 ",married,tertiary,yes,no,cellular,385,3,other,no,A0726
727,Pauline  Beck,Male,53,Nevada,Other,29.May.2017,"$66,775.61 ",single,tertiary,yes,no,cellular,133,1,unknown,no,A0727
728,Patty  Thompson,Male,63,Nevada,Other,29.May.2017,"$34,366.64 ",single,unknown,no,no,cellular,91,1,unknown,no,A0728
729,Blake  Bridges,Male,34,Wyoming,Blue Collar,29.May.2017,"$91,715.24 ",married,secondary,yes,yes,cellular,63,3,unknown,no,A0729
730,Kyle  Carr,Female,33,Wyoming,White Collar,29.May.2017,"$125,207.45 ",single,tertiary,yes,no,cellular,192,2,unknown,no,A0730
731,Paulette  Spencer,Male,31,Wyoming,White Collar,29.May.2017,"$95,500.49 ",single,secondary,yes,no,unknown,91,2,unknown,no,A0731
732,Eric  Rose,Male,40,Wyoming,Blue Collar,29.May.2017,"$29,011.94 ",married,primary,no,yes,cellular,79,1,failure,no,A0732
733,Max  Rodgers,Male,47,Wyoming,Blue Collar,29.May.2017,"$12,529.04 ",married,tertiary,no,yes,cellular,96,1,unknown,yes,A0733
734,Bernadette  Page,Female,45,Wyoming,White Collar,29.May.2017,"$24,689.13 ",married,secondary,yes,no,cellular,25,2,unknown,no,A0734
735,Robert  Munoz,Male,28,Wyoming,Other,29.May.2017,"$26,960.40 ",single,secondary,yes,no,cellular,227,2,unknown,no,A0735
736,Arturo  Francis,Female,33,Wyoming,Blue Collar,29.May.2017,"$50,252.54 ",single,secondary,no,no,cellular,110,1,unknown,no,A0736
737,Della  Jensen,Female,38,Oregon,Other,29.May.2017,"$61,590.87 ",divorced,secondary,no,no,cellular,134,2,unknown,no,A0737
738,Herman  Williams,Female,20,Oregon,Other,29.May.2017,"$37,906.03 ",married,secondary,no,no,cellular,213,1,unknown,yes,A0738
739,Rachel  Gomez,Female,31,Oregon,Other,29.May.2017,"$51,514.45 ",single,secondary,yes,no,cellular,75,1,failure,no,A0739
740,Della  Jensen,Male,29,Oregon,Blue Collar,29.May.2017,"$84,831.64 ",married,secondary,no,no,cellular,109,2,unknown,no,A0740
741,Herman  Williams,Female,38,Oregon,Other,29.May.2017,"$11,682.55 ",married,tertiary,no,no,cellular,162,3,unknown,no,A0741
742,Isabel  Cross,Male,34,California,White Collar,30.May.2017,"$66,495.03 ",single,secondary,no,no,cellular,275,1,unknown,yes,A0742
743,Della  Jensen,Female,47,California,Other,30.May.2017,"$124,011.46 ",married,secondary,yes,no,cellular,154,1,other,no,A0743
744,Jaime  Pearson,Female,38,California,White Collar,30.May.2017,"$23,864.03 ",married,primary,no,no,cellular,632,4,unknown,yes,A0744
745,Sonya  Mullins,Male,46,California,White Collar,30.May.2017,"$70,259.63 ",married,tertiary,yes,yes,cellular,251,1,unknown,no,A0745
746,Isabel  Cross,Female,34,California,Other,30.May.2017,"$68,711.28 ",married,secondary,no,yes,telephone,141,1,unknown,no,A0746
747,Robert  Munoz,Male,47,Nevada,Blue Collar,30.May.2017,"$9,233.67 ",single,secondary,yes,yes,cellular,154,1,unknown,no,A0747
748,Ruben  Nunez,Male,51,Nevada,Blue Collar,30.May.2017,"$25,653.30 ",married,secondary,yes,no,cellular,63,1,unknown,no,A0748
749,Della  Jensen,Male,36,Nevada,Blue Collar,30.May.2017,"$24,915.27 ",married,primary,no,yes,cellular,259,1,unknown,no,A0749
750,Della  Jensen,Male,43,Nevada,Other,30.May.2017,"$18,190.69 ",divorced,primary,yes,no,unknown,100,1,unknown,no,A0750
751,Christina  Fuller,Male,22,Nevada,Blue Collar,30.May.2017,"$1,248.27 ",divorced,primary,no,no,unknown,17,10,unknown,no,A0751
752,Pauline  Beck,Female,35,Wyoming,White Collar,30.May.2017,"$68,487.42 ",married,secondary,yes,no,telephone,192,9,unknown,no,A0752
753,Max  Rodgers,Male,34,Wyoming,Other,30.May.2017,"$52,908.70 ",married,primary,yes,no,unknown,97,9,unknown,no,A0753
754,Allan  Ramos,Female,25,Oregon,Other,30.May.2017,"$24,446.64 ",married,secondary,no,no,cellular,41,2,unknown,no,A0754
755,Andrew  Meyer,Female,19,Oregon,Other,30.May.2017,"$7,063.13 ",married,secondary,yes,no,unknown,200,3,unknown,no,A0755
756,Trevor  Jones,Female,37,Oregon,Other,30.May.2017,"$121,646.46 ",single,secondary,yes,no,cellular,91,3,unknown,no,A0756
757,Joey  Wong,Female,45,Oregon,Other,30.May.2017,"$14,162.73 ",married,tertiary,yes,yes,cellular,264,1,unknown,yes,A0757
758,Eric  Rose,Female,26,Oregon,White Collar,30.May.2017,"$14,037.51 ",married,secondary,yes,no,cellular,397,2,unknown,no,A0758
759,Cassandra  Franklin,Male,37,Oregon,White Collar,30.May.2017,"$70,514.58 ",married,primary,yes,no,unknown,86,1,unknown,no,A0759
760,Kyle  Carr,Male,40,California,White Collar,31.May.2017,"$1,370.75 ",married,tertiary,no,no,cellular,446,1,unknown,no,A0760
761,Bobbie  Ryan,Female,38,California,White Collar,31.May.2017,"$35,593.75 ",married,secondary,no,no,cellular,304,1,unknown,no,A0761
762,Eddie  Green,Female,52,Nevada,Other,31.May.2017,"$66,799.13 ",single,primary,yes,no,unknown,88,4,unknown,no,A0762
763,Isabel  Cross,Male,46,Nevada,White Collar,31.May.2017,"$68,781.37 ",single,tertiary,yes,no,cellular,86,2,unknown,no,A0763
764,Colleen  Warren,Male,48,Nevada,Other,31.May.2017,"$204,970.07 ",single,secondary,yes,no,cellular,63,1,unknown,no,A0764
765,Cindy  Becker,Male,44,Nevada,Blue Collar,31.May.2017,"$8,631.78 ",married,secondary,yes,no,cellular,335,2,failure,no,A0765
766,Iris  Underwood,Male,45,Nevada,Blue Collar,31.May.2017,"$127,948.06 ",divorced,secondary,no,no,cellular,293,2,failure,no,A0766
767,Ellen  Weaver,Female,34,Wyoming,White Collar,31.May.2017,"$159,036.72 ",married,primary,yes,no,unknown,227,4,unknown,no,A0767
768,Guillermo  Potter,Female,39,Wyoming,Other,31.May.2017,"$1,113.97 ",single,secondary,yes,no,unknown,146,2,unknown,no,A0768
769,Bobbie  Ryan,Male,24,Oregon,White Collar,31.May.2017,"$116,422.84 ",married,primary,yes,no,cellular,276,3,unknown,no,A0769
770,Robert  Munoz,Female,22,Oregon,White Collar,31.May.2017,"$87,439.84 ",married,tertiary,yes,no,cellular,238,3,failure,no,A0770
771,Drew  Rogers,Male,44,California,White Collar,01.Jun.2017,"$23,671.66 ",single,secondary,yes,yes,cellular,14,6,unknown,no,A0771
772,Tiffany  May,Male,32,California,White Collar,01.Jun.2017,"$145,338.28 ",married,secondary,yes,no,unknown,144,2,unknown,no,A0772
773,Johanna  Boone,Male,45,California,Other,01.Jun.2017,"$79,930.61 ",single,tertiary,no,no,cellular,367,1,unknown,no,A0773
774,Ernest  Davis,Male,34,Nevada,Blue Collar,01.Jun.2017,"$13,950.51 ",married,secondary,yes,no,cellular,132,1,unknown,no,A0774
775,Eric  Rose,Male,37,Nevada,Blue Collar,01.Jun.2017,$101.52 ,single,primary,yes,yes,unknown,42,4,unknown,no,A0775
776,Cecilia  Manning,Male,32,Wyoming,Other,01.Jun.2017,"$92,731.96 ",divorced,tertiary,yes,no,unknown,227,1,unknown,no,A0776
777,Brooke  Horton,Female,22,Wyoming,White Collar,01.Jun.2017,"$70,766.46 ",single,secondary,no,no,telephone,40,8,failure,no,A0777
778,Della  Jensen,Male,28,Wyoming,Blue Collar,01.Jun.2017,"$3,746.31 ",single,secondary,yes,no,unknown,614,2,unknown,no,A0778
779,Edwin  Malone,Female,36,Wyoming,White Collar,01.Jun.2017,"$59,398.39 ",married,primary,yes,no,unknown,270,1,unknown,no,A0779
780,Cassandra  Franklin,Male,31,Oregon,Blue Collar,01.Jun.2017,"$143,892.64 ",married,primary,no,no,unknown,15,1,unknown,no,A0780
781,Tracy  Reed,Female,32,California,Other,02.Jun.2017,"$111,237.42 ",married,secondary,yes,no,unknown,304,2,unknown,no,A0781
782,Cassandra  Franklin,Female,31,California,White Collar,02.Jun.2017,"$19,393.36 ",married,secondary,yes,no,cellular,79,3,unknown,no,A0782
783,Trevor  Jones,Male,48,California,White Collar,02.Jun.2017,"$13,945.51 ",married,tertiary,yes,no,cellular,101,1,unknown,no,A0783
784,Max  Rodgers,Male,47,Nevada,Blue Collar,02.Jun.2017,"$37,207.66 ",married,primary,yes,no,unknown,55,3,unknown,no,A0784
785,Edwin  Malone,Male,53,Nevada,White Collar,02.Jun.2017,"$38,139.60 ",single,secondary,yes,no,unknown,205,3,unknown,no,A0785
786,Trevor  Jones,Female,36,Wyoming,Blue Collar,02.Jun.2017,"$97,557.69 ",married,tertiary,yes,no,cellular,259,2,unknown,no,A0786
787,Shari  Silva,Male,38,Wyoming,Blue Collar,02.Jun.2017,"$103,686.67 ",divorced,tertiary,no,no,cellular,60,2,unknown,no,A0787
788,Robert  Munoz,Female,47,California,White Collar,03.Jun.2017,"$58,469.81 ",married,primary,yes,no,cellular,122,2,unknown,no,A0788
789,Iris  Underwood,Male,22,California,White Collar,03.Jun.2017,"$5,868.00 ",married,secondary,yes,no,cellular,557,5,unknown,no,A0789
790,Trevor  Jones,Female,51,California,White Collar,03.Jun.2017,"$16,225.42 ",divorced,primary,yes,no,telephone,42,1,unknown,no,A0790
791,Jenny  Garcia,Female,45,Nevada,White Collar,03.Jun.2017,"$83,903.37 ",single,tertiary,yes,no,cellular,373,8,unknown,no,A0791
792,Blake  Bridges,Male,55,Nevada,Blue Collar,03.Jun.2017,"$12,598.36 ",married,tertiary,yes,no,cellular,80,3,unknown,no,A0792
793,Salvador  Bass,Male,47,Nevada,Other,03.Jun.2017,"$26,175.15 ",single,secondary,no,no,cellular,239,3,unknown,no,A0793
794,Max  Rodgers,Male,41,Wyoming,White Collar,03.Jun.2017,"$198,021.70 ",divorced,tertiary,no,no,unknown,29,1,unknown,no,A0794
795,Max  Rodgers,Female,31,Oregon,Other,03.Jun.2017,"$27,827.70 ",single,secondary,yes,no,unknown,1663,1,unknown,yes,A0795
796,Lorraine  Gibson,Female,28,California,White Collar,04.Jun.2017,"$51,934.09 ",single,tertiary,yes,no,unknown,186,4,unknown,no,A0796
797,Sonya  Mullins,Female,29,California,Blue Collar,04.Jun.2017,"$49,757.36 ",divorced,secondary,no,no,unknown,430,1,unknown,no,A0797
798,Bernadette  Page,Female,27,California,Other,04.Jun.2017,"$12,954.30 ",married,secondary,no,no,telephone,58,2,unknown,no,A0798
799,Sylvester  Morales,Male,45,Nevada,Blue Collar,04.Jun.2017,"$92,642.15 ",single,unknown,no,no,cellular,279,1,failure,no,A0799
800,Trevor  Jones,Male,39,Nevada,Blue Collar,04.Jun.2017,"$41,165.87 ",divorced,unknown,yes,no,cellular,332,2,unknown,no,A0800
801,Pauline  Beck,Female,53,Nevada,White Collar,04.Jun.2017,"$53,529.18 ",married,tertiary,no,no,cellular,510,2,other,no,A0801
802,Sylvester  Morales,Male,54,Nevada,Other,04.Jun.2017,"$13,199.82 ",single,secondary,yes,no,cellular,218,1,failure,no,A0802
803,Cecilia  Manning,Male,49,Nevada,Blue Collar,04.Jun.2017,"$84,812.75 ",married,secondary,yes,no,cellular,74,2,failure,no,A0803
804,Arturo  Francis,Female,46,Nevada,White Collar,04.Jun.2017,"$51,807.45 ",single,secondary,no,no,cellular,676,1,unknown,no,A0804
805,Ruben  Nunez,Male,52,Nevada,Other,04.Jun.2017,"$26,794.12 ",married,tertiary,yes,no,cellular,1259,2,failure,no,A0805
806,Arturo  Francis,Female,39,California,White Collar,05.Jun.2017,"$39,562.60 ",married,secondary,yes,yes,cellular,285,3,failure,no,A0806
807,Austin  Reynolds,Male,39,California,White Collar,05.Jun.2017,"$102,769.30 ",divorced,unknown,yes,no,cellular,298,1,unknown,no,A0807
808,Tiffany  May,Male,41,California,White Collar,05.Jun.2017,"$56,369.97 ",married,secondary,yes,yes,cellular,225,4,unknown,no,A0808
809,Elbert  Klein,Male,29,California,White Collar,05.Jun.2017,"$14,393.57 ",single,secondary,yes,no,cellular,80,2,other,no,A0809
810,Trevor  Jones,Female,48,Nevada,Other,05.Jun.2017,"$86,907.63 ",married,tertiary,yes,no,cellular,342,1,unknown,yes,A0810
811,Shari  Silva,Female,52,Nevada,Other,05.Jun.2017,"$68,197.45 ",married,secondary,yes,no,cellular,404,3,unknown,no,A0811
812,Arturo  Francis,Female,23,Wyoming,White Collar,05.Jun.2017,"$68,881.67 ",divorced,secondary,no,yes,cellular,332,1,unknown,no,A0812
813,Della  Jensen,Female,33,Wyoming,White Collar,05.Jun.2017,"$136,125.48 ",single,tertiary,yes,no,cellular,158,1,unknown,no,A0813
814,Tiffany  May,Male,33,Wyoming,Other,05.Jun.2017,"$2,472.34 ",married,secondary,yes,no,cellular,164,1,unknown,no,A0814
815,Tiffany  May,Female,29,Wyoming,White Collar,05.Jun.2017,"$22,396.25 ",married,secondary,yes,no,cellular,57,1,other,no,A0815
816,Isabel  Cross,Male,45,California,White Collar,06.Jun.2017,"$21,310.82 ",married,secondary,no,no,cellular,121,1,unknown,no,A0816
817,Nellie  Joseph,Female,34,California,White Collar,06.Jun.2017,"$126,600.09 ",married,secondary,yes,no,cellular,56,1,unknown,no,A0817
818,Isabel  Cross,Female,47,California,White Collar,06.Jun.2017,"$23,698.61 ",single,secondary,no,no,unknown,178,1,unknown,no,A0818
819,Lynette  Brewer,Female,55,Nevada,Other,06.Jun.2017,"$14,753.28 ",single,primary,no,no,cellular,283,1,unknown,no,A0819
820,Robert  Munoz,Male,52,Nevada,Blue Collar,06.Jun.2017,"$28,636.10 ",married,secondary,yes,no,cellular,113,1,other,no,A0820
821,Isabel  Cross,Male,53,Nevada,Blue Collar,06.Jun.2017,"$63,022.87 ",married,secondary,no,no,cellular,22,5,unknown,no,A0821
822,Woodrow  Colon,Male,34,Wyoming,Blue Collar,06.Jun.2017,"$44,069.28 ",single,tertiary,yes,no,cellular,159,2,failure,no,A0822
823,Jenny  Garcia,Male,36,California,Blue Collar,07.Jun.2017,"$91,222.85 ",married,tertiary,no,no,cellular,138,1,other,no,A0823
824,Salvador  Bass,Female,34,California,White Collar,07.Jun.2017,"$34,041.40 ",married,tertiary,yes,no,cellular,1015,1,other,yes,A0824
825,Beth  Tucker,Male,33,California,Other,07.Jun.2017,"$41,518.04 ",married,tertiary,no,no,telephone,182,1,unknown,no,A0825
826,Lorraine  Gibson,Male,35,California,White Collar,07.Jun.2017,"$54,390.01 ",single,tertiary,no,no,cellular,112,3,unknown,no,A0826
827,Jenny  Garcia,Female,31,California,White Collar,07.Jun.2017,"$106,008.69 ",married,secondary,yes,no,cellular,114,1,unknown,no,A0827
828,Rachel  Gomez,Male,45,Nevada,Other,07.Jun.2017,"$20,421.30 ",single,primary,no,yes,cellular,80,8,unknown,no,A0828
829,Rachel  Gomez,Female,29,Oregon,Other,07.Jun.2017,"$86,541.51 ",married,primary,yes,no,telephone,66,1,other,no,A0829
830,Cassandra  Franklin,Male,21,Oregon,White Collar,07.Jun.2017,"$40,331.27 ",single,tertiary,yes,no,cellular,135,22,unknown,no,A0830
831,Billie  Chandler,Male,37,California,White Collar,08.Jun.2017,"$26,201.54 ",single,tertiary,no,no,cellular,99,1,unknown,no,A0831
832,Elvira  Bowman,Male,36,California,White Collar,08.Jun.2017,"$97,352.33 ",married,secondary,no,no,unknown,761,2,unknown,yes,A0832
833,Lorraine  Gibson,Male,54,Nevada,Blue Collar,08.Jun.2017,"$45,800.52 ",married,secondary,no,no,cellular,464,1,unknown,no,A0833
834,Arturo  Francis,Male,42,Nevada,Other,08.Jun.2017,"$93,241.28 ",married,secondary,yes,no,unknown,20,2,unknown,no,A0834
835,Lula  Daniels,Male,40,California,White Collar,09.Jun.2017,"$56,845.73 ",married,secondary,no,no,cellular,206,4,unknown,no,A0835
836,Tracy  Reed,Female,35,California,White Collar,09.Jun.2017,"$72,784.42 ",single,secondary,no,no,cellular,283,2,unknown,no,A0836
837,Shari  Silva,Male,29,Oregon,White Collar,09.Jun.2017,"$85,666.57 ",married,primary,no,no,unknown,64,1,unknown,no,A0837
838,Lynette  Brewer,Female,25,California,White Collar,10.Jun.2017,"$195,218.99 ",single,secondary,yes,no,cellular,667,3,other,yes,A0838
839,Willie  Vega,Male,44,California,White Collar,10.Jun.2017,"$82,811.61 ",single,tertiary,no,no,cellular,73,3,unknown,no,A0839
840,Max  Rodgers,Male,32,California,White Collar,10.Jun.2017,"$40,649.79 ",married,tertiary,yes,no,unknown,156,2,unknown,no,A0840
841,Drew  Rogers,Female,42,California,Other,10.Jun.2017,"$1,612.52 ",single,secondary,yes,no,unknown,559,7,unknown,no,A0841
842,Max  Rodgers,Male,64,Nevada,Blue Collar,10.Jun.2017,"$5,633.51 ",married,secondary,no,no,cellular,143,2,unknown,no,A0842
843,Fernando  Rowe,Male,49,Nevada,Blue Collar,10.Jun.2017,"$84,618.45 ",divorced,secondary,yes,no,unknown,62,1,unknown,no,A0843
844,Sandra  Floyd,Female,35,Nevada,Other,10.Jun.2017,"$33,035.75 ",single,secondary,yes,yes,cellular,219,2,failure,no,A0844
845,Jaime  Pearson,Male,45,Wyoming,Blue Collar,10.Jun.2017,"$104,647.13 ",single,secondary,yes,no,cellular,15,3,unknown,no,A0845
846,Jenny  Garcia,Female,46,California,Blue Collar,11.Jun.2017,"$30,618.30 ",married,secondary,yes,no,cellular,567,1,unknown,no,A0846
847,Cecilia  Manning,Female,29,California,White Collar,11.Jun.2017,"$47,007.04 ",single,secondary,yes,no,cellular,188,2,unknown,no,A0847
848,Fernando  Rowe,Male,27,California,White Collar,11.Jun.2017,"$116,432.21 ",married,primary,yes,no,cellular,159,2,unknown,no,A0848
849,Bernadette  Page,Female,25,California,White Collar,11.Jun.2017,"$4,033.34 ",married,secondary,yes,no,telephone,121,2,unknown,no,A0849
850,Woodrow  Colon,Male,36,California,Blue Collar,11.Jun.2017,"$66,266.78 ",divorced,primary,no,no,cellular,345,1,other,yes,A0850
851,Brooke  Horton,Male,32,California,White Collar,11.Jun.2017,"$28,921.84 ",married,tertiary,no,no,unknown,717,1,unknown,no,A0851
852,Mable  Lindsey,Male,53,Wyoming,White Collar,11.Jun.2017,"$33,546.36 ",married,secondary,no,no,cellular,71,3,unknown,no,A0852
853,Brooke  Horton,Female,36,California,White Collar,12.Jun.2017,"$23,075.70 ",married,secondary,no,no,cellular,144,2,unknown,no,A0853
854,Patty  Thompson,Male,42,California,White Collar,12.Jun.2017,"$60,153.31 ",divorced,tertiary,no,yes,cellular,38,1,unknown,no,A0854
855,Guillermo  Potter,Male,40,Nevada,Blue Collar,12.Jun.2017,"$15,996.73 ",married,secondary,yes,no,cellular,60,2,unknown,no,A0855
856,Shari  Silva,Male,41,Nevada,Blue Collar,12.Jun.2017,"$100,147.91 ",divorced,tertiary,no,no,cellular,336,2,success,yes,A0856
857,Johanna  Boone,Female,25,Wyoming,Blue Collar,12.Jun.2017,"$23,431.57 ",married,secondary,yes,yes,unknown,92,4,unknown,no,A0857
858,Brooke  Horton,Male,45,California,Blue Collar,13.Jun.2017,"$18,395.82 ",married,secondary,no,no,cellular,254,2,failure,no,A0858
859,Elaine  Ellis,Female,33,California,White Collar,13.Jun.2017,"$29,878.49 ",single,tertiary,yes,yes,cellular,104,1,failure,no,A0859
860,Andrew  Meyer,Female,38,California,White Collar,13.Jun.2017,"$13,581.09 ",divorced,tertiary,yes,yes,cellular,74,5,unknown,no,A0860
861,Christina  Fuller,Female,47,California,Blue Collar,13.Jun.2017,"$13,578.10 ",married,primary,no,no,cellular,156,2,unknown,no,A0861
862,Guillermo  Potter,Male,31,California,Other,13.Jun.2017,"$31,250.15 ",married,tertiary,no,no,cellular,146,2,unknown,no,A0862
863,Salvador  Bass,Female,42,Nevada,Other,13.Jun.2017,"$123,469.24 ",single,secondary,yes,no,unknown,882,1,unknown,yes,A0863
864,Austin  Reynolds,Male,58,Nevada,Blue Collar,13.Jun.2017,"$54,838.82 ",married,primary,yes,no,unknown,84,4,unknown,no,A0864
865,Kyle  Carr,Female,43,Nevada,Other,13.Jun.2017,"$85,701.24 ",married,primary,yes,no,unknown,114,2,unknown,no,A0865
866,Peter  Hodges,Male,56,Nevada,Blue Collar,13.Jun.2017,"$47,660.55 ",single,secondary,no,yes,unknown,957,3,unknown,no,A0866
867,Cassandra  Franklin,Male,38,California,White Collar,14.Jun.2017,"$6,808.63 ",married,secondary,no,no,unknown,67,3,unknown,no,A0867
868,Bethany  Pena,Female,44,California,White Collar,14.Jun.2017,"$29,319.67 ",divorced,primary,yes,no,cellular,211,11,unknown,no,A0868
869,Johanna  Boone,Male,34,California,White Collar,14.Jun.2017,"$33,686.81 ",married,secondary,yes,no,cellular,299,2,unknown,no,A0869
870,Robert  Munoz,Male,38,California,White Collar,14.Jun.2017,"$29,406.54 ",married,secondary,yes,yes,cellular,102,6,failure,no,A0870
871,Peter  Hodges,Male,40,California,White Collar,14.Jun.2017,"$118,558.19 ",married,secondary,no,yes,unknown,225,1,unknown,no,A0871
872,Della  Jensen,Female,46,California,White Collar,14.Jun.2017,"$30,421.87 ",single,primary,no,no,cellular,654,2,unknown,yes,A0872
873,Rachel  Gomez,Female,30,California,White Collar,14.Jun.2017,"$52,601.07 ",single,secondary,yes,no,cellular,234,2,unknown,no,A0873
874,Trevor  Jones,Female,34,California,White Collar,14.Jun.2017,"$15,250.31 ",single,tertiary,no,no,telephone,48,6,unknown,no,A0874
875,Max  Rodgers,Male,47,California,White Collar,14.Jun.2017,"$104,445.79 ",single,tertiary,yes,no,cellular,167,1,other,no,A0875
876,Max  Rodgers,Female,35,California,White Collar,14.Jun.2017,"$39,895.72 ",married,secondary,no,no,cellular,500,2,unknown,no,A0876
877,Jenny  Garcia,Female,34,California,White Collar,14.Jun.2017,"$113,702.00 ",married,tertiary,no,no,cellular,22,2,unknown,no,A0877
878,Lynette  Brewer,Female,22,California,White Collar,15.Jun.2017,"$47,011.90 ",single,tertiary,no,no,cellular,258,2,unknown,no,A0878
879,Eric  Rose,Male,31,California,White Collar,15.Jun.2017,"$57,939.43 ",single,secondary,no,yes,cellular,177,1,unknown,no,A0879
880,Tiffany  May,Female,31,California,Blue Collar,15.Jun.2017,"$30,303.15 ",single,tertiary,yes,yes,unknown,62,2,unknown,no,A0880
881,Ellen  Weaver,Female,38,California,Blue Collar,15.Jun.2017,"$60,469.57 ",single,secondary,no,no,cellular,457,1,success,yes,A0881
882,Lorraine  Gibson,Male,23,California,White Collar,15.Jun.2017,"$19,475.21 ",single,secondary,yes,no,telephone,460,2,failure,no,A0882
883,Brooke  Horton,Female,42,California,White Collar,15.Jun.2017,"$57,667.60 ",divorced,primary,yes,no,cellular,184,4,unknown,no,A0883
884,Drew  Rogers,Female,24,California,White Collar,15.Jun.2017,"$57,077.96 ",married,primary,yes,no,telephone,119,3,failure,no,A0884
885,Shari  Silva,Female,45,California,White Collar,15.Jun.2017,"$43,466.61 ",married,primary,no,no,cellular,77,6,unknown,no,A0885
886,Mable  Lindsey,Male,54,Nevada,Blue Collar,15.Jun.2017,"$83,091.39 ",married,secondary,no,yes,cellular,107,1,unknown,no,A0886
887,Max  Rodgers,Female,38,Nevada,Other,15.Jun.2017,"$27,225.36 ",married,primary,yes,no,unknown,1028,2,unknown,yes,A0887
888,Jenny  Garcia,Female,26,Wyoming,White Collar,15.Jun.2017,"$80,874.48 ",married,secondary,yes,no,unknown,87,1,unknown,no,A0888
889,Cassandra  Franklin,Male,37,California,White Collar,16.Jun.2017,"$65,814.21 ",married,primary,yes,no,unknown,315,4,unknown,no,A0889
890,Mable  Lindsey,Male,26,California,Blue Collar,16.Jun.2017,"$104,993.36 ",married,tertiary,yes,yes,cellular,107,2,unknown,no,A0890
891,Robert  Munoz,Female,32,California,Other,16.Jun.2017,"$72,170.16 ",married,primary,no,yes,telephone,201,5,unknown,no,A0891
892,Edwin  Malone,Male,27,California,White Collar,16.Jun.2017,"$55,508.88 ",single,tertiary,no,yes,cellular,94,1,failure,no,A0892
893,Shari  Silva,Female,41,California,White Collar,16.Jun.2017,"$18,226.66 ",single,tertiary,no,no,cellular,192,2,failure,yes,A0893
894,Peter  Hodges,Female,39,California,Other,16.Jun.2017,"$70,084.52 ",single,secondary,yes,no,cellular,185,2,failure,no,A0894
895,Colleen  Warren,Female,33,California,White Collar,16.Jun.2017,"$30,386.00 ",married,tertiary,yes,no,cellular,77,1,unknown,no,A0895
896,Kyle  Carr,Male,59,Nevada,Blue Collar,16.Jun.2017,"$32,512.09 ",married,secondary,yes,no,cellular,142,3,unknown,no,A0896
897,Max  Rodgers,Male,49,Nevada,Blue Collar,16.Jun.2017,"$99,067.04 ",single,secondary,no,no,cellular,381,1,unknown,no,A0897
898,Peter  Hodges,Female,47,California,White Collar,17.Jun.2017,"$37,009.13 ",married,secondary,yes,yes,cellular,222,2,unknown,no,A0898
899,Ivan  Adkins,Female,40,California,Blue Collar,17.Jun.2017,"$41,245.21 ",married,primary,yes,no,cellular,106,1,unknown,no,A0899
900,Sylvester  Morales,Female,34,California,White Collar,17.Jun.2017,"$25,832.48 ",divorced,unknown,yes,no,unknown,117,1,unknown,no,A0900
901,Isabel  Cross,Female,38,California,White Collar,17.Jun.2017,"$142,501.88 ",single,secondary,no,no,cellular,67,3,unknown,no,A0901
902,Ruben  Nunez,Male,37,California,White Collar,17.Jun.2017,"$69,674.03 ",single,tertiary,yes,no,cellular,45,2,failure,no,A0902
903,Mable  Lindsey,Male,43,Nevada,Other,17.Jun.2017,"$31,546.10 ",single,secondary,no,yes,cellular,643,2,unknown,no,A0903
904,Ellen  Weaver,Male,52,Nevada,Blue Collar,17.Jun.2017,"$77,147.39 ",married,tertiary,yes,no,cellular,76,1,failure,no,A0904
905,Bernadette  Page,Female,29,Wyoming,Other,17.Jun.2017,"$23,934.58 ",married,tertiary,no,no,cellular,508,6,unknown,no,A0905
906,Mable  Lindsey,Female,31,California,White Collar,18.Jun.2017,"$36,718.04 ",single,secondary,no,no,cellular,128,2,unknown,yes,A0906
907,Pauline  Beck,Male,47,California,White Collar,18.Jun.2017,"$106,635.15 ",married,primary,yes,no,cellular,193,2,other,no,A0907
908,Trevor  Jones,Male,31,California,White Collar,18.Jun.2017,"$53,272.94 ",married,tertiary,no,no,unknown,172,6,unknown,no,A0908
909,Jenny  Garcia,Female,44,Nevada,Other,18.Jun.2017,"$144,567.07 ",single,secondary,no,no,cellular,142,2,unknown,no,A0909
910,Allan  Ramos,Male,43,Nevada,Blue Collar,18.Jun.2017,"$45,258.18 ",married,secondary,yes,yes,unknown,492,2,unknown,no,A0910
911,Christina  Fuller,Male,48,Nevada,Other,18.Jun.2017,"$2,000.48 ",married,secondary,no,yes,unknown,140,1,unknown,no,A0911
912,Ben  Perez,Male,56,Nevada,Other,18.Jun.2017,"$61,076.55 ",married,primary,no,no,unknown,140,2,unknown,no,A0912
913,Bobbie  Ryan,Male,39,Wyoming,Blue Collar,18.Jun.2017,"$80,843.18 ",single,tertiary,yes,no,unknown,257,2,unknown,no,A0913
914,Drew  Rogers,Female,25,Oregon,Blue Collar,18.Jun.2017,"$223,428.55 ",married,tertiary,no,no,cellular,41,2,failure,no,A0914
915,Johanna  Boone,Female,26,Oregon,Other,18.Jun.2017,"$81,002.34 ",divorced,secondary,no,no,cellular,91,2,unknown,no,A0915
916,Della  Jensen,Male,35,Oregon,White Collar,18.Jun.2017,"$139,979.13 ",married,secondary,yes,no,cellular,132,2,unknown,no,A0916
917,Shari  Silva,Female,34,California,Other,19.Jun.2017,"$85,650.85 ",married,secondary,no,no,unknown,284,1,unknown,no,A0917
918,Sandra  Floyd,Female,24,California,White Collar,19.Jun.2017,"$62,668.15 ",single,secondary,no,no,cellular,184,2,unknown,no,A0918
919,Ernest  Davis,Female,28,California,White Collar,19.Jun.2017,"$110,236.24 ",married,secondary,yes,no,cellular,225,1,unknown,no,A0919
920,Willie  Vega,Male,23,California,Other,19.Jun.2017,"$74,780.67 ",married,secondary,yes,no,unknown,241,3,unknown,no,A0920
921,Christy  Olson,Male,43,California,White Collar,19.Jun.2017,"$43,563.30 ",single,tertiary,no,no,cellular,79,3,unknown,no,A0921
922,Donna  Reid,Female,30,California,White Collar,19.Jun.2017,"$109,685.22 ",married,tertiary,yes,no,cellular,156,1,unknown,no,A0922
923,Cassandra  Franklin,Female,40,California,White Collar,19.Jun.2017,"$93,858.66 ",married,secondary,no,no,cellular,223,2,unknown,no,A0923
924,Cassandra  Franklin,Female,60,Nevada,Other,19.Jun.2017,"$99,570.16 ",married,secondary,yes,no,unknown,198,1,unknown,no,A0924
925,Christina  Fuller,Male,34,California,White Collar,20.Jun.2017,"$11,535.66 ",married,primary,no,no,cellular,536,2,unknown,no,A0925
926,Beth  Tucker,Male,49,California,White Collar,20.Jun.2017,"$89,820.55 ",married,primary,yes,no,unknown,304,2,unknown,no,A0926
927,Austin  Reynolds,Female,37,California,White Collar,20.Jun.2017,"$131,211.81 ",married,primary,yes,no,cellular,196,2,failure,no,A0927
928,Herman  Williams,Male,30,California,White Collar,20.Jun.2017,"$31,576.58 ",divorced,secondary,yes,no,unknown,298,2,unknown,no,A0928
929,Isabel  Cross,Female,35,California,White Collar,20.Jun.2017,"$34,226.79 ",divorced,tertiary,yes,yes,unknown,86,6,unknown,no,A0929
930,Felicia  Jennings,Female,35,California,White Collar,20.Jun.2017,"$31,811.48 ",divorced,secondary,yes,no,unknown,186,1,unknown,no,A0930
931,Christy  Olson,Female,42,California,White Collar,20.Jun.2017,"$33,280.51 ",married,primary,yes,no,cellular,167,3,unknown,no,A0931
932,Cindy  Becker,Female,30,California,White Collar,20.Jun.2017,"$21,169.72 ",married,secondary,yes,no,cellular,24,12,unknown,no,A0932
933,Carla  Mccormick,Male,32,California,Blue Collar,20.Jun.2017,"$35,669.51 ",divorced,tertiary,no,yes,cellular,74,3,unknown,no,A0933
934,Ernest  Davis,Female,35,California,White Collar,20.Jun.2017,"$21,432.00 ",married,secondary,yes,no,unknown,601,1,unknown,no,A0934
935,Salvador  Bass,Female,32,California,Other,20.Jun.2017,"$63,055.84 ",married,secondary,yes,no,unknown,1168,2,unknown,no,A0935
936,Cassandra  Franklin,Female,36,California,White Collar,20.Jun.2017,"$14,037.43 ",married,primary,no,no,cellular,277,2,unknown,no,A0936
937,Isabel  Cross,Female,28,California,Blue Collar,20.Jun.2017,"$10,329.48 ",divorced,tertiary,no,yes,cellular,748,3,unknown,no,A0937
938,Bobbie  Ryan,Male,52,Nevada,Blue Collar,20.Jun.2017,"$44,349.27 ",married,secondary,yes,no,unknown,364,1,unknown,no,A0938
939,Felicia  Jennings,Male,42,Nevada,Other,20.Jun.2017,"$97,804.97 ",married,secondary,yes,no,unknown,229,3,unknown,no,A0939
940,Arturo  Francis,Male,58,Nevada,Blue Collar,20.Jun.2017,"$41,608.30 ",married,tertiary,no,no,cellular,43,13,unknown,no,A0940
941,Ruben  Nunez,Male,48,Nevada,Blue Collar,20.Jun.2017,"$7,374.12 ",divorced,unknown,no,no,cellular,177,1,unknown,yes,A0941
942,Lynette  Brewer,Male,40,Nevada,White Collar,20.Jun.2017,"$48,939.30 ",married,tertiary,yes,no,cellular,262,1,success,yes,A0942
943,Bobbie  Ryan,Female,47,Nevada,Other,20.Jun.2017,"$44,001.15 ",married,tertiary,yes,no,cellular,317,1,failure,no,A0943
944,Billie  Chandler,Male,47,Nevada,Other,20.Jun.2017,"$22,522.37 ",married,secondary,no,no,unknown,402,22,unknown,no,A0944
945,Johanna  Boone,Male,62,Nevada,Blue Collar,20.Jun.2017,"$44,355.94 ",married,secondary,no,no,cellular,314,1,unknown,yes,A0945
946,Arturo  Francis,Male,53,Nevada,Blue Collar,20.Jun.2017,"$23,383.63 ",married,secondary,no,no,cellular,109,3,unknown,yes,A0946
947,Shari  Silva,Female,56,Nevada,Other,20.Jun.2017,"$156,921.88 ",married,tertiary,no,no,cellular,56,6,unknown,no,A0947
948,Guillermo  Potter,Female,53,Nevada,White Collar,20.Jun.2017,"$68,153.67 ",single,secondary,yes,no,unknown,169,2,unknown,no,A0948
949,Cassandra  Franklin,Male,50,Nevada,Other,20.Jun.2017,"$3,502.01 ",single,unknown,yes,no,cellular,127,1,unknown,no,A0949
950,Ellen  Weaver,Male,55,Nevada,Blue Collar,20.Jun.2017,"$18,253.87 ",divorced,secondary,no,no,cellular,175,3,unknown,no,A0950
951,Billie  Chandler,Male,36,Wyoming,Blue Collar,20.Jun.2017,"$84,555.34 ",divorced,secondary,no,no,cellular,56,2,unknown,no,A0951
952,Brooke  Horton,Female,40,Wyoming,White Collar,20.Jun.2017,"$36,469.75 ",married,tertiary,no,yes,cellular,123,1,unknown,no,A0952
953,Mable  Lindsey,Male,41,Wyoming,Blue Collar,20.Jun.2017,"$116,409.90 ",married,secondary,no,no,telephone,148,2,unknown,no,A0953
954,Pauline  Beck,Male,33,Wyoming,White Collar,20.Jun.2017,"$74,290.61 ",single,tertiary,no,no,cellular,231,1,unknown,no,A0954
955,Cassandra  Franklin,Male,41,Oregon,White Collar,20.Jun.2017,"$80,125.48 ",divorced,unknown,yes,no,cellular,255,1,unknown,no,A0955
956,Colleen  Warren,Female,22,Oregon,White Collar,20.Jun.2017,"$33,603.28 ",single,tertiary,yes,no,cellular,37,3,unknown,no,A0956
957,Della  Jensen,Male,38,California,Other,21.Jun.2017,"$120,459.94 ",single,secondary,no,no,cellular,106,1,other,no,A0957
958,Shari  Silva,Male,33,California,White Collar,21.Jun.2017,"$89,857.49 ",divorced,unknown,yes,no,unknown,95,1,unknown,no,A0958
959,Robert  Munoz,Female,26,California,Blue Collar,21.Jun.2017,"$35,364.04 ",single,secondary,no,no,unknown,134,2,unknown,no,A0959
960,Brooke  Horton,Female,36,California,White Collar,21.Jun.2017,"$47,228.93 ",single,tertiary,yes,no,cellular,820,2,unknown,no,A0960
961,Drew  Rogers,Female,49,Nevada,Other,21.Jun.2017,"$39,832.63 ",married,secondary,yes,yes,cellular,116,1,failure,no,A0961
962,Patty  Thompson,Male,50,Nevada,Blue Collar,21.Jun.2017,"$57,577.12 ",married,secondary,yes,no,cellular,463,1,unknown,no,A0962
963,Dan  Peterson,Male,56,Nevada,Other,21.Jun.2017,"$81,803.97 ",married,secondary,no,yes,cellular,603,3,unknown,no,A0963
964,Andrew  Meyer,Female,59,Nevada,Blue Collar,21.Jun.2017,"$43,905.27 ",single,secondary,yes,no,unknown,47,5,unknown,no,A0964
965,Brooke  Horton,Male,52,Nevada,Blue Collar,21.Jun.2017,"$46,239.39 ",divorced,primary,no,no,cellular,126,1,unknown,no,A0965
966,Joey  Wong,Female,38,Wyoming,Blue Collar,21.Jun.2017,"$35,326.25 ",single,tertiary,no,no,cellular,421,2,unknown,yes,A0966
967,Lynette  Brewer,Female,42,Wyoming,White Collar,21.Jun.2017,"$91,244.78 ",married,secondary,no,no,unknown,174,8,unknown,no,A0967
968,Max  Rodgers,Male,38,California,White Collar,22.Jun.2017,"$31,548.46 ",married,secondary,yes,yes,cellular,144,1,failure,no,A0968
969,Allan  Ramos,Female,21,California,White Collar,22.Jun.2017,"$132,935.64 ",single,tertiary,no,no,cellular,191,2,unknown,no,A0969
970,Brooke  Horton,Female,32,California,White Collar,22.Jun.2017,"$31,121.18 ",married,primary,no,no,telephone,222,1,unknown,no,A0970
971,Marion  Glover,Male,23,California,White Collar,22.Jun.2017,"$43,222.10 ",married,primary,yes,no,cellular,206,1,failure,yes,A0971
972,Kyle  Carr,Male,32,California,White Collar,23.Jun.2017,"$127,923.09 ",married,secondary,yes,no,cellular,74,1,unknown,no,A0972
973,Andrew  Meyer,Female,25,California,Other,23.Jun.2017,"$128,767.64 ",single,secondary,yes,no,unknown,24,1,unknown,no,A0973
974,Shari  Silva,Male,58,Nevada,Other,23.Jun.2017,"$17,306.49 ",single,secondary,yes,no,cellular,7,11,failure,no,A0974
975,Edwin  Malone,Male,43,Nevada,Blue Collar,23.Jun.2017,"$110,677.70 ",married,primary,yes,no,cellular,493,7,unknown,no,A0975
976,Christina  Fuller,Female,61,Nevada,Other,23.Jun.2017,"$112,238.34 ",single,secondary,no,no,cellular,350,3,unknown,yes,A0976
977,Bobbie  Ryan,Female,43,Nevada,Other,23.Jun.2017,"$41,162.93 ",divorced,secondary,no,no,unknown,250,3,unknown,no,A0977
978,Salvador  Bass,Female,45,Wyoming,White Collar,23.Jun.2017,"$26,495.55 ",married,tertiary,no,no,cellular,86,4,unknown,no,A0978
979,Donna  Reid,Male,28,Wyoming,White Collar,23.Jun.2017,"$42,147.87 ",divorced,tertiary,no,no,cellular,371,1,unknown,no,A0979
980,Max  Rodgers,Male,19,California,White Collar,24.Jun.2017,"$97,750.60 ",divorced,primary,no,no,unknown,419,2,unknown,no,A0980
981,Beth  Tucker,Female,31,California,Other,24.Jun.2017,"$111,064.33 ",divorced,tertiary,yes,no,unknown,2087,2,unknown,yes,A0981
982,Elvira  Bowman,Female,34,California,White Collar,24.Jun.2017,"$160,657.31 ",single,secondary,yes,no,cellular,22,4,unknown,no,A0982
983,Marian  Hill,Female,37,Nevada,Other,24.Jun.2017,"$63,166.55 ",married,secondary,yes,no,unknown,266,1,unknown,no,A0983
984,Shari  Silva,Female,57,Nevada,Other,24.Jun.2017,"$96,446.51 ",divorced,secondary,no,no,cellular,191,1,unknown,no,A0984
985,Felicia  Jennings,Male,56,Nevada,Blue Collar,24.Jun.2017,"$72,695.75 ",married,tertiary,no,no,cellular,222,4,success,yes,A0985
986,Pauline  Beck,Male,56,Nevada,Blue Collar,24.Jun.2017,"$40,981.40 ",divorced,secondary,no,yes,telephone,264,3,unknown,no,A0986
987,Colleen  Warren,Male,42,Nevada,Blue Collar,24.Jun.2017,"$11,286.33 ",divorced,tertiary,yes,no,unknown,184,5,unknown,no,A0987
988,Shari  Silva,Female,39,Oregon,White Collar,24.Jun.2017,"$160,715.09 ",single,secondary,no,yes,cellular,95,3,unknown,no,A0988
989,Sylvester  Morales,Female,34,California,Other,25.Jun.2017,"$60,510.21 ",single,tertiary,no,no,cellular,127,2,unknown,no,A0989
990,Ben  Perez,Male,43,California,Blue Collar,25.Jun.2017,"$120,716.18 ",divorced,primary,no,no,cellular,395,4,unknown,no,A0990
991,Colleen  Warren,Male,33,California,White Collar,25.Jun.2017,"$4,814.51 ",married,tertiary,yes,no,cellular,174,1,unknown,no,A0991
992,Lula  Daniels,Male,43,Nevada,Blue Collar,25.Jun.2017,"$102,313.67 ",married,tertiary,yes,no,cellular,124,1,unknown,yes,A0992
993,Robert  Munoz,Male,33,Wyoming,Blue Collar,25.Jun.2017,"$116,223.09 ",married,primary,yes,no,unknown,102,2,unknown,no,A0993
994,Robert  Munoz,Male,35,Wyoming,Blue Collar,25.Jun.2017,"$84,493.67 ",married,secondary,yes,no,cellular,279,1,unknown,no,A0994
995,Robert  Munoz,Female,29,California,Other,26.Jun.2017,"$121,013.57 ",married,primary,no,no,cellular,76,11,unknown,no,A0995
996,Christy  Olson,Male,34,California,White Collar,26.Jun.2017,"$59,864.18 ",married,secondary,yes,no,cellular,472,2,unknown,no,A0996
997,Sonya  Mullins,Female,44,California,White Collar,26.Jun.2017,"$111,861.57 ",married,secondary,no,no,cellular,84,11,unknown,no,A0997
998,Arturo  Francis,Male,36,California,Other,26.Jun.2017,"$123,546.12 ",single,tertiary,yes,yes,cellular,271,1,failure,no,A0998
999,Elaine  Ellis,Male,60,Nevada,Other,26.Jun.2017,"$51,636.67 ",married,secondary,yes,no,unknown,754,1,unknown,no,A0999
1000,Mable  Lindsey,Female,29,Oregon,Other,26.Jun.2017,"$6,575.87 ",single,secondary,no,no,telephone,172,5,failure,no,A01000
1001,Ernest  Davis,Female,31,Oregon,Other,26.Jun.2017,"$48,002.01 ",married,secondary,yes,yes,cellular,375,2,unknown,no,A01001
1002,Salvador  Bass,Male,29,California,White Collar,27.Jun.2017,"$28,071.07 ",single,tertiary,yes,no,cellular,130,2,unknown,no,A01002
1003,Kyle  Carr,Female,32,California,Blue Collar,27.Jun.2017,"$17,929.60 ",single,secondary,yes,no,unknown,303,3,unknown,no,A01003
1004,Edwin  Malone,Male,21,California,White Collar,27.Jun.2017,"$61,022.72 ",married,tertiary,yes,no,unknown,261,1,unknown,no,A01004
1005,Johanna  Boone,Female,38,California,White Collar,27.Jun.2017,"$73,864.82 ",married,secondary,yes,yes,cellular,229,3,unknown,no,A01005
1006,Christina  Fuller,Female,27,California,Blue Collar,27.Jun.2017,"$76,412.37 ",married,tertiary,yes,no,cellular,288,1,unknown,no,A01006
1007,Robert  Munoz,Male,47,California,Blue Collar,27.Jun.2017,"$12,850.55 ",married,tertiary,yes,no,cellular,219,3,unknown,no,A01007
1008,Lynette  Brewer,Male,33,Wyoming,Blue Collar,27.Jun.2017,"$18,755.63 ",single,secondary,yes,no,unknown,891,4,unknown,yes,A01008
1009,Don  Gonzales,Male,31,Wyoming,Blue Collar,27.Jun.2017,"$42,186.48 ",married,tertiary,yes,no,unknown,204,1,unknown,no,A01009
1010,Herman  Williams,Female,36,Wyoming,Other,27.Jun.2017,"$66,439.42 ",married,tertiary,no,no,unknown,19,6,unknown,no,A01010
1011,Sandra  Floyd,Male,39,California,White Collar,28.Jun.2017,"$30,537.52 ",single,secondary,no,no,cellular,158,2,unknown,no,A01011
1012,Drew  Rogers,Male,37,California,Blue Collar,28.Jun.2017,"$33,517.78 ",married,primary,yes,no,unknown,314,1,unknown,no,A01012
1013,Shari  Silva,Male,38,California,White Collar,28.Jun.2017,"$38,516.79 ",married,secondary,yes,no,unknown,215,1,unknown,no,A01013
1014,Lorraine  Gibson,Male,41,California,White Collar,28.Jun.2017,"$113,250.03 ",married,tertiary,no,no,cellular,169,4,unknown,no,A01014
1015,Mable  Lindsey,Male,24,California,White Collar,28.Jun.2017,"$8,775.91 ",married,secondary,yes,no,cellular,101,4,unknown,no,A01015
1016,Lula  Daniels,Female,37,California,White Collar,28.Jun.2017,"$46,109.10 ",married,secondary,yes,no,unknown,15,13,unknown,no,A01016
1017,Allan  Ramos,Female,33,California,White Collar,28.Jun.2017,"$132,307.63 ",married,secondary,yes,no,unknown,260,5,unknown,no,A01017
1018,Salvador  Bass,Female,32,California,White Collar,28.Jun.2017,"$83,499.63 ",married,secondary,yes,no,cellular,558,1,unknown,yes,A01018
1019,Trevor  Jones,Male,60,Nevada,Blue Collar,28.Jun.2017,"$100,760.00 ",married,secondary,no,no,unknown,287,4,unknown,no,A01019
1020,Ruben  Nunez,Female,55,Nevada,Other,28.Jun.2017,"$44,407.34 ",married,secondary,yes,no,cellular,371,2,unknown,yes,A01020
1021,Robert  Munoz,Female,57,Nevada,Blue Collar,28.Jun.2017,"$83,411.57 ",married,secondary,yes,no,cellular,149,1,failure,yes,A01021
1022,Johanna  Boone,Male,38,Oregon,White Collar,28.Jun.2017,"$114,922.87 ",married,secondary,yes,yes,unknown,187,1,unknown,yes,A01022
1023,Lynette  Brewer,Male,42,California,White Collar,29.Jun.2017,"$91,572.82 ",married,secondary,yes,no,unknown,32,1,unknown,no,A01023
1024,Max  Rodgers,Male,36,California,Blue Collar,29.Jun.2017,"$13,956.91 ",married,tertiary,yes,no,unknown,138,1,unknown,no,A01024
1025,Cecilia  Manning,Female,40,California,White Collar,29.Jun.2017,"$82,699.36 ",married,secondary,yes,no,unknown,228,2,unknown,no,A01025
1026,Cindy  Becker,Female,25,California,White Collar,29.Jun.2017,"$33,727.99 ",married,secondary,no,no,telephone,353,2,unknown,yes,A01026
1027,Rachel  Gomez,Female,33,California,Other,29.Jun.2017,"$74,125.52 ",married,secondary,yes,no,unknown,45,2,unknown,no,A01027
1028,Trevor  Jones,Male,46,California,White Collar,29.Jun.2017,"$118,504.36 ",single,secondary,no,no,cellular,76,2,unknown,no,A01028
1029,Lula  Daniels,Female,38,California,White Collar,29.Jun.2017,"$37,065.10 ",married,secondary,yes,yes,unknown,144,2,unknown,no,A01029
1030,Kyle  Carr,Male,58,Nevada,Other,29.Jun.2017,"$61,619.12 ",married,secondary,yes,no,cellular,168,2,unknown,no,A01030
1031,Max  Rodgers,Female,48,Nevada,Other,29.Jun.2017,"$9,109.85 ",married,tertiary,yes,no,cellular,140,1,other,no,A01031
1032,Lynette  Brewer,Male,41,Nevada,Blue Collar,29.Jun.2017,"$96,664.33 ",single,primary,no,no,unknown,94,1,unknown,no,A01032
1033,Andrew  Meyer,Female,46,Wyoming,White Collar,29.Jun.2017,"$82,886.93 ",single,primary,no,no,unknown,118,3,unknown,no,A01033
1034,Lula  Daniels,Male,35,Wyoming,Blue Collar,29.Jun.2017,"$200,483.09 ",single,secondary,yes,no,cellular,382,1,unknown,no,A01034
1035,Christina  Fuller,Female,27,Oregon,Blue Collar,29.Jun.2017,"$72,322.36 ",married,unknown,no,no,cellular,111,1,unknown,no,A01035
1036,Billie  Chandler,Female,40,California,White Collar,30.Jun.2017,"$3,908.40 ",married,secondary,yes,no,cellular,298,2,unknown,no,A01036
1037,Sylvester  Morales,Male,41,California,Other,30.Jun.2017,"$91,942.90 ",married,secondary,yes,no,unknown,121,1,unknown,no,A01037
1038,Shari  Silva,Male,37,California,White Collar,30.Jun.2017,"$32,921.57 ",married,tertiary,yes,no,unknown,317,7,unknown,no,A01038
1039,Dan  Peterson,Female,31,California,White Collar,30.Jun.2017,"$37,081.25 ",married,tertiary,yes,yes,unknown,42,1,unknown,no,A01039
1040,Lee  Mack,Male,28,California,White Collar,30.Jun.2017,"$63,179.87 ",single,secondary,no,no,cellular,81,2,unknown,no,A01040
1041,Marion  Glover,Male,41,California,White Collar,30.Jun.2017,"$64,906.87 ",divorced,secondary,yes,no,cellular,296,1,failure,yes,A01041
1042,Edwin  Malone,Male,45,Nevada,Blue Collar,30.Jun.2017,"$17,259.78 ",divorced,secondary,yes,yes,telephone,259,2,unknown,no,A01042
1043,Cassandra  Franklin,Male,49,Nevada,Blue Collar,30.Jun.2017,"$1,634.88 ",single,secondary,yes,no,cellular,121,6,other,no,A01043
1044,Brooke  Horton,Male,52,Nevada,Other,30.Jun.2017,"$7,153.07 ",married,secondary,yes,no,cellular,432,3,unknown,no,A01044
1045,Shari  Silva,Female,51,Nevada,Other,30.Jun.2017,"$17,774.09 ",married,tertiary,no,no,cellular,126,2,unknown,no,A01045
1046,Brooke  Horton,Male,47,Nevada,Blue Collar,30.Jun.2017,"$83,964.58 ",married,tertiary,no,no,cellular,120,4,unknown,no,A01046
1047,Don  Gonzales,Female,33,Wyoming,Other,30.Jun.2017,"$27,565.60 ",married,primary,yes,no,cellular,136,1,unknown,no,A01047
1048,Ben  Perez,Male,38,Wyoming,White Collar,30.Jun.2017,"$73,072.87 ",married,secondary,yes,no,cellular,1130,3,unknown,no,A01048
1049,Ben  Perez,Female,30,California,White Collar,01.Jul.2017,"$76,252.54 ",married,secondary,no,no,cellular,330,2,success,yes,A01049
1050,Andrew  Meyer,Male,30,California,White Collar,01.Jul.2017,"$39,419.85 ",married,secondary,yes,no,cellular,305,2,unknown,no,A01050
1051,Bobbie  Ryan,Male,47,California,White Collar,01.Jul.2017,"$21,943.79 ",married,secondary,no,no,unknown,332,3,unknown,no,A01051
1052,Shari  Silva,Male,48,Nevada,Blue Collar,01.Jul.2017,"$109,354.84 ",married,secondary,yes,no,unknown,412,1,unknown,no,A01052
1053,Jaime  Pearson,Male,38,Nevada,Blue Collar,01.Jul.2017,"$40,064.46 ",married,secondary,yes,no,cellular,157,1,unknown,no,A01053
1054,Ivan  Adkins,Male,43,California,White Collar,02.Jul.2017,"$52,859.75 ",divorced,secondary,yes,no,cellular,71,2,unknown,no,A01054
1055,Cecilia  Manning,Female,40,California,White Collar,02.Jul.2017,"$26,187.12 ",divorced,secondary,yes,no,cellular,297,2,unknown,no,A01055
1056,Brooke  Horton,Male,36,California,White Collar,02.Jul.2017,"$79,617.33 ",single,tertiary,no,no,cellular,307,1,unknown,no,A01056
1057,Andrew  Meyer,Female,26,California,Other,02.Jul.2017,"$15,005.55 ",married,secondary,no,no,telephone,250,2,success,yes,A01057
1058,Brooke  Horton,Female,36,California,White Collar,02.Jul.2017,"$74,203.19 ",single,tertiary,yes,no,cellular,119,1,unknown,no,A01058
1059,Felicia  Jennings,Female,51,Nevada,Blue Collar,02.Jul.2017,"$11,302.51 ",married,tertiary,no,no,cellular,116,2,unknown,no,A01059
1060,Rachel  Gomez,Female,46,Nevada,Other,02.Jul.2017,"$48,243.63 ",married,primary,no,no,telephone,274,1,unknown,no,A01060
1061,Mable  Lindsey,Male,49,Nevada,Other,02.Jul.2017,"$104,165.04 ",married,tertiary,no,no,cellular,389,1,success,yes,A01061
1062,Lance  Yates,Male,54,Nevada,Other,02.Jul.2017,"$24,297.27 ",married,secondary,no,no,cellular,143,1,unknown,no,A01062
1063,Lynette  Brewer,Female,37,Wyoming,White Collar,02.Jul.2017,"$50,852.66 ",married,secondary,yes,yes,unknown,860,2,unknown,no,A01063
1064,Don  Gonzales,Male,42,Wyoming,Other,02.Jul.2017,"$17,325.88 ",married,primary,yes,no,unknown,420,2,unknown,no,A01064
1065,Robert  Munoz,Female,30,California,White Collar,03.Jul.2017,"$66,564.99 ",divorced,secondary,yes,no,unknown,213,1,unknown,no,A01065
1066,Shari  Silva,Male,51,California,White Collar,03.Jul.2017,"$61,590.07 ",married,tertiary,yes,no,cellular,756,1,unknown,no,A01066
1067,Fernando  Rowe,Female,28,California,Blue Collar,03.Jul.2017,"$42,657.90 ",married,secondary,no,no,cellular,259,3,unknown,no,A01067
1068,Marion  Glover,Female,35,California,Blue Collar,03.Jul.2017,"$23,098.60 ",married,secondary,yes,no,cellular,201,16,unknown,no,A01068
1069,Tiffany  May,Male,57,Nevada,Blue Collar,03.Jul.2017,"$89,680.01 ",single,secondary,yes,yes,unknown,19,9,unknown,no,A01069
1070,Brooke  Horton,Male,62,Nevada,Blue Collar,03.Jul.2017,"$82,873.94 ",single,unknown,yes,yes,cellular,53,1,failure,no,A01070
1071,Della  Jensen,Male,51,Nevada,White Collar,03.Jul.2017,"$61,338.01 ",married,secondary,yes,no,cellular,224,4,unknown,yes,A01071
1072,Della  Jensen,Female,39,Oregon,Other,03.Jul.2017,"$126,089.42 ",married,secondary,yes,no,cellular,57,5,other,no,A01072
1073,Tiffany  May,Male,37,California,White Collar,04.Jul.2017,"$22,187.90 ",married,secondary,yes,no,unknown,251,1,unknown,no,A01073
1074,Trevor  Jones,Male,37,California,White Collar,04.Jul.2017,"$75,412.66 ",single,tertiary,yes,no,cellular,39,1,failure,no,A01074
1075,Cindy  Becker,Female,27,California,Blue Collar,04.Jul.2017,"$41,141.12 ",divorced,tertiary,yes,yes,unknown,54,3,unknown,no,A01075
1076,Shari  Silva,Male,32,California,Blue Collar,04.Jul.2017,"$117,479.28 ",married,tertiary,yes,yes,unknown,28,18,unknown,no,A01076
1077,Isabel  Cross,Male,48,Nevada,Other,04.Jul.2017,"$60,427.94 ",married,secondary,no,no,cellular,104,1,other,yes,A01077
1078,Ruben  Nunez,Male,47,Nevada,Blue Collar,04.Jul.2017,"$88,703.09 ",married,tertiary,no,no,cellular,164,2,failure,yes,A01078
1079,Donna  Reid,Male,36,Wyoming,Blue Collar,04.Jul.2017,"$9,652.09 ",single,tertiary,no,no,cellular,268,2,unknown,no,A01079
1080,Ernest  Davis,Male,44,Wyoming,Blue Collar,04.Jul.2017,"$55,893.25 ",divorced,secondary,no,yes,cellular,148,1,unknown,no,A01080
1081,Cindy  Becker,Female,38,Wyoming,White Collar,04.Jul.2017,"$23,770.03 ",married,secondary,yes,no,unknown,228,3,unknown,no,A01081
1082,Marian  Hill,Female,32,Oregon,Other,04.Jul.2017,"$30,523.69 ",married,secondary,no,no,cellular,139,5,unknown,no,A01082
1083,Patty  Thompson,Female,41,California,White Collar,05.Jul.2017,"$121,027.70 ",married,primary,no,no,cellular,89,3,unknown,no,A01083
1084,Della  Jensen,Female,44,California,White Collar,05.Jul.2017,"$7,509.10 ",married,primary,no,no,cellular,250,2,success,no,A01084
1085,Cindy  Becker,Female,41,California,White Collar,05.Jul.2017,"$60,480.88 ",divorced,secondary,yes,no,unknown,106,6,unknown,no,A01085
1086,Max  Rodgers,Male,47,Nevada,Blue Collar,05.Jul.2017,"$2,906.37 ",married,secondary,yes,no,cellular,968,1,unknown,yes,A01086
1087,Joey  Wong,Female,59,Nevada,Other,05.Jul.2017,"$66,157.63 ",married,secondary,no,yes,cellular,168,3,unknown,no,A01087
1088,Ben  Perez,Male,43,Nevada,Blue Collar,05.Jul.2017,"$24,562.27 ",married,tertiary,no,no,cellular,408,14,unknown,no,A01088
1089,Bethany  Pena,Male,36,California,Other,06.Jul.2017,"$33,963.55 ",single,tertiary,no,no,cellular,56,4,unknown,no,A01089
1090,Blake  Bridges,Male,25,California,Other,06.Jul.2017,"$66,084.52 ",married,primary,no,yes,cellular,55,5,unknown,no,A01090
1091,Sylvester  Morales,Female,45,California,White Collar,06.Jul.2017,"$86,263.72 ",single,primary,yes,no,unknown,76,4,unknown,no,A01091
1092,Isabel  Cross,Female,35,California,White Collar,06.Jul.2017,"$2,726.66 ",married,primary,no,no,cellular,72,5,unknown,no,A01092
1093,Mable  Lindsey,Male,31,California,White Collar,06.Jul.2017,"$106,368.45 ",married,secondary,yes,no,cellular,99,3,unknown,no,A01093
1094,Robert  Munoz,Female,30,California,Other,06.Jul.2017,"$4,074.48 ",single,tertiary,yes,no,cellular,13,15,unknown,no,A01094
1095,Jenny  Garcia,Female,45,California,Other,06.Jul.2017,"$14,889.45 ",single,tertiary,no,no,cellular,178,1,unknown,no,A01095
1096,Christina  Fuller,Female,35,California,Blue Collar,06.Jul.2017,"$9,077.82 ",married,secondary,no,no,unknown,287,1,unknown,no,A01096
1097,Ivan  Adkins,Male,36,California,Other,06.Jul.2017,"$132,016.15 ",married,tertiary,yes,no,cellular,141,1,other,no,A01097
1098,Drew  Rogers,Female,24,California,Blue Collar,06.Jul.2017,"$115,691.18 ",divorced,tertiary,no,no,cellular,127,1,failure,no,A01098
1099,Patty  Thompson,Male,48,Nevada,White Collar,06.Jul.2017,"$98,514.06 ",single,secondary,no,no,cellular,69,2,unknown,no,A01099
1100,Bethany  Pena,Male,48,Nevada,Other,06.Jul.2017,"$115,419.55 ",married,primary,yes,no,unknown,763,4,unknown,no,A01100
1101,Brooke  Horton,Male,56,Nevada,Blue Collar,06.Jul.2017,"$5,246.81 ",married,tertiary,no,no,cellular,122,1,failure,no,A01101
1102,Jenny  Garcia,Male,60,Nevada,Other,06.Jul.2017,"$32,935.28 ",married,tertiary,yes,no,cellular,143,1,unknown,no,A01102
1103,Billie  Chandler,Male,42,Nevada,Other,06.Jul.2017,"$42,799.60 ",married,tertiary,yes,no,cellular,316,3,unknown,no,A01103
1104,Bethany  Pena,Male,44,Wyoming,Blue Collar,06.Jul.2017,"$12,483.66 ",married,unknown,no,no,telephone,89,2,unknown,no,A01104
1105,Pauline  Beck,Female,33,Wyoming,Blue Collar,06.Jul.2017,"$22,680.13 ",single,primary,yes,no,cellular,151,1,failure,no,A01105
1106,Johanna  Boone,Female,29,California,Blue Collar,07.Jul.2017,"$83,163.25 ",married,tertiary,no,no,cellular,40,1,unknown,no,A01106
1107,Bernadette  Page,Male,33,California,White Collar,07.Jul.2017,"$143,847.97 ",married,secondary,no,yes,unknown,5,1,failure,no,A01107
1108,Allan  Ramos,Male,27,California,White Collar,07.Jul.2017,"$67,722.24 ",single,secondary,yes,no,cellular,90,1,unknown,no,A01108
1109,Brooke  Horton,Female,33,California,White Collar,07.Jul.2017,"$54,364.51 ",single,tertiary,no,no,cellular,50,1,other,no,A01109
1110,Bethany  Pena,Male,35,California,White Collar,07.Jul.2017,"$98,689.40 ",married,secondary,no,no,cellular,159,2,failure,yes,A01110
1111,Tracy  Reed,Female,26,California,White Collar,07.Jul.2017,"$32,817.58 ",divorced,primary,no,yes,cellular,369,6,unknown,no,A01111
1112,Ben  Perez,Female,33,California,White Collar,07.Jul.2017,"$125,467.19 ",married,secondary,no,no,cellular,344,2,other,yes,A01112
1113,Rachel  Gomez,Female,42,California,Other,07.Jul.2017,"$160,246.31 ",married,secondary,yes,no,cellular,256,2,failure,no,A01113
1114,Dan  Peterson,Male,33,California,White Collar,07.Jul.2017,"$89,386.58 ",single,secondary,no,no,cellular,298,1,unknown,no,A01114
1115,Ernest  Davis,Male,48,Nevada,Blue Collar,07.Jul.2017,"$53,986.33 ",divorced,secondary,no,yes,cellular,268,3,unknown,no,A01115
1116,Allan  Ramos,Male,58,Nevada,Blue Collar,07.Jul.2017,"$26,794.36 ",married,secondary,yes,no,cellular,231,1,unknown,no,A01116
1117,Christina  Fuller,Female,42,Nevada,Other,07.Jul.2017,"$93,805.72 ",married,tertiary,yes,no,unknown,4,4,unknown,no,A01117
1118,Cecilia  Manning,Male,61,Nevada,Other,07.Jul.2017,"$61,177.01 ",single,tertiary,yes,no,cellular,78,5,failure,no,A01118
1119,Ivan  Adkins,Male,35,Wyoming,Blue Collar,07.Jul.2017,"$67,522.13 ",married,secondary,no,no,unknown,419,1,unknown,no,A01119
1120,Sandra  Floyd,Male,38,Wyoming,White Collar,07.Jul.2017,"$37,260.33 ",single,tertiary,yes,no,telephone,421,3,unknown,no,A01120
1121,Iris  Underwood,Female,29,California,White Collar,08.Jul.2017,"$37,516.69 ",married,secondary,no,yes,cellular,105,1,unknown,no,A01121
1122,Edwin  Malone,Male,39,California,Other,08.Jul.2017,"$54,724.94 ",married,tertiary,no,no,unknown,42,1,unknown,no,A01122
1123,Christina  Fuller,Female,43,California,White Collar,08.Jul.2017,"$16,356.12 ",married,tertiary,no,no,cellular,114,7,failure,no,A01123
1124,Woodrow  Colon,Male,35,California,White Collar,08.Jul.2017,"$170,320.81 ",married,tertiary,no,no,cellular,286,2,unknown,no,A01124
1125,Edwin  Malone,Male,31,California,White Collar,08.Jul.2017,"$76,711.18 ",married,unknown,no,no,cellular,238,1,success,yes,A01125
1126,Shari  Silva,Female,49,California,White Collar,08.Jul.2017,"$101,530.07 ",divorced,secondary,yes,no,unknown,91,1,unknown,no,A01126
1127,Joey  Wong,Male,33,Nevada,Blue Collar,08.Jul.2017,"$6,571.33 ",married,secondary,no,no,cellular,766,3,unknown,no,A01127
1128,Christy  Olson,Male,46,Nevada,Blue Collar,08.Jul.2017,"$85,080.84 ",single,unknown,no,no,cellular,92,1,unknown,no,A01128
1129,Patty  Thompson,Male,44,Nevada,White Collar,08.Jul.2017,"$123,804.55 ",divorced,secondary,no,no,cellular,211,3,unknown,no,A01129
1130,Isabel  Cross,Male,36,Wyoming,White Collar,08.Jul.2017,"$82,658.69 ",single,tertiary,yes,no,cellular,160,2,failure,no,A01130
1131,Isabel  Cross,Female,32,Wyoming,White Collar,08.Jul.2017,"$57,766.46 ",married,tertiary,no,no,cellular,166,3,unknown,no,A01131
1132,Arturo  Francis,Male,33,California,White Collar,09.Jul.2017,"$113,881.31 ",single,secondary,yes,no,cellular,195,1,unknown,no,A01132
1133,Willie  Vega,Male,22,California,White Collar,09.Jul.2017,"$21,316.15 ",divorced,tertiary,yes,yes,cellular,106,1,unknown,no,A01133
1134,Robert  Munoz,Female,36,California,White Collar,09.Jul.2017,"$4,638.16 ",single,secondary,yes,yes,cellular,85,3,unknown,no,A01134
1135,Rachel  Gomez,Female,46,California,White Collar,09.Jul.2017,"$50,415.55 ",married,primary,no,no,cellular,78,1,unknown,no,A01135
1136,Rachel  Gomez,Female,38,Nevada,Other,09.Jul.2017,"$152,637.97 ",married,tertiary,yes,yes,unknown,648,1,unknown,yes,A01136
1137,Johanna  Boone,Female,57,Nevada,White Collar,09.Jul.2017,"$125,359.85 ",single,secondary,yes,no,cellular,177,2,other,no,A01137
1138,Isabel  Cross,Female,46,Nevada,Other,09.Jul.2017,"$36,844.63 ",married,secondary,yes,no,unknown,32,1,unknown,no,A01138
1139,Ernest  Davis,Female,42,Wyoming,Other,09.Jul.2017,"$42,559.97 ",divorced,secondary,no,no,cellular,24,12,unknown,no,A01139
1140,Drew  Rogers,Male,31,Oregon,White Collar,09.Jul.2017,"$14,150.79 ",divorced,primary,yes,no,unknown,688,2,unknown,no,A01140
1141,Jaime  Pearson,Male,27,California,Other,10.Jul.2017,"$24,794.66 ",single,tertiary,yes,no,unknown,21,5,unknown,no,A01141
1142,Andrew  Meyer,Female,35,California,White Collar,10.Jul.2017,"$96,651.54 ",married,secondary,yes,no,unknown,112,1,unknown,no,A01142
1143,Jenny  Garcia,Female,34,California,Other,10.Jul.2017,"$32,830.54 ",divorced,tertiary,no,no,cellular,593,1,unknown,yes,A01143
1144,Cassandra  Franklin,Male,43,California,White Collar,10.Jul.2017,"$83,563.58 ",married,primary,yes,yes,cellular,59,2,unknown,no,A01144
1145,Guillermo  Potter,Male,32,California,Blue Collar,10.Jul.2017,"$136,826.22 ",married,tertiary,yes,no,cellular,121,3,unknown,no,A01145
1146,Brooke  Horton,Female,46,Nevada,Other,10.Jul.2017,"$5,034.87 ",married,primary,yes,no,telephone,97,2,unknown,no,A01146
1147,Salvador  Bass,Male,50,Nevada,Blue Collar,10.Jul.2017,"$101,138.78 ",married,tertiary,no,no,cellular,86,2,unknown,no,A01147
1148,Brooke  Horton,Male,60,Nevada,Blue Collar,10.Jul.2017,"$52,360.03 ",married,secondary,yes,yes,cellular,10,10,unknown,no,A01148
1149,Isabel  Cross,Male,31,Nevada,Blue Collar,10.Jul.2017,"$28,929.69 ",single,tertiary,no,no,cellular,205,3,unknown,no,A01149
1150,Ellen  Weaver,Female,60,Nevada,Blue Collar,10.Jul.2017,"$8,829.78 ",married,secondary,no,no,unknown,77,2,unknown,no,A01150
1151,Jenny  Garcia,Female,44,Wyoming,White Collar,10.Jul.2017,"$101,768.16 ",divorced,secondary,yes,no,cellular,138,2,unknown,no,A01151
1152,Salvador  Bass,Male,41,California,White Collar,11.Jul.2017,"$119,751.49 ",married,secondary,no,no,cellular,289,1,unknown,yes,A01152
1153,Della  Jensen,Male,47,California,White Collar,11.Jul.2017,"$54,466.72 ",married,secondary,no,no,cellular,86,4,unknown,no,A01153
1154,Brooke  Horton,Female,32,California,White Collar,11.Jul.2017,"$53,562.85 ",divorced,tertiary,yes,no,telephone,9,3,unknown,no,A01154
1155,Colleen  Warren,Male,40,California,Blue Collar,11.Jul.2017,"$92,861.72 ",married,secondary,no,yes,cellular,225,1,failure,no,A01155
1156,Sylvester  Morales,Female,45,California,White Collar,11.Jul.2017,"$41,723.28 ",single,tertiary,no,no,cellular,407,4,unknown,no,A01156
1157,Donna  Reid,Female,40,California,White Collar,11.Jul.2017,"$32,752.66 ",married,secondary,yes,yes,unknown,1030,6,unknown,no,A01157
1158,Salvador  Bass,Female,35,California,White Collar,11.Jul.2017,"$32,100.22 ",married,unknown,no,no,cellular,123,2,unknown,no,A01158
1159,Don  Gonzales,Male,32,California,White Collar,11.Jul.2017,"$9,658.07 ",single,tertiary,no,no,cellular,119,4,unknown,no,A01159
1160,Ivan  Adkins,Male,41,Nevada,Blue Collar,11.Jul.2017,"$2,512.61 ",single,tertiary,yes,no,cellular,175,1,failure,no,A01160
1161,Donna  Reid,Female,49,Nevada,Other,11.Jul.2017,"$110,246.31 ",divorced,secondary,no,no,unknown,299,5,unknown,no,A01161
1162,Kyle  Carr,Male,47,Nevada,Blue Collar,11.Jul.2017,"$93,702.46 ",single,tertiary,no,no,cellular,563,1,unknown,no,A01162
1163,Della  Jensen,Male,52,Nevada,Blue Collar,11.Jul.2017,"$35,228.46 ",married,secondary,yes,yes,unknown,241,1,unknown,no,A01163
1164,Patty  Thompson,Male,43,Nevada,Blue Collar,11.Jul.2017,"$28,686.99 ",married,secondary,yes,no,cellular,52,4,other,no,A01164
1165,Brooke  Horton,Male,35,Wyoming,White Collar,11.Jul.2017,"$54,584.70 ",single,tertiary,no,no,cellular,76,3,unknown,no,A01165
1166,Peter  Hodges,Male,36,California,White Collar,12.Jul.2017,"$57,962.72 ",married,secondary,yes,yes,cellular,441,1,unknown,no,A01166
1167,Trevor  Jones,Male,35,California,Other,12.Jul.2017,"$58,847.07 ",single,tertiary,no,no,cellular,319,1,success,yes,A01167
1168,Max  Rodgers,Female,55,California,White Collar,12.Jul.2017,"$32,982.99 ",married,secondary,yes,no,unknown,13,1,success,no,A01168
1169,Shari  Silva,Male,34,California,Blue Collar,12.Jul.2017,"$85,815.37 ",married,tertiary,yes,no,unknown,803,1,unknown,yes,A01169
1170,Tiffany  May,Female,36,California,White Collar,12.Jul.2017,"$70,778.45 ",married,secondary,no,no,cellular,396,2,unknown,no,A01170
1171,Drew  Rogers,Male,41,California,White Collar,12.Jul.2017,"$61,956.52 ",married,tertiary,no,no,unknown,188,1,unknown,no,A01171
1172,Shari  Silva,Male,30,California,Other,12.Jul.2017,"$5,634.51 ",single,secondary,no,no,cellular,637,1,unknown,no,A01172
1173,Edwin  Malone,Female,32,California,White Collar,12.Jul.2017,"$104,960.46 ",married,secondary,yes,no,unknown,175,7,unknown,no,A01173
1174,Drew  Rogers,Female,33,California,White Collar,12.Jul.2017,"$101,745.09 ",single,secondary,yes,no,cellular,945,1,success,no,A01174
1175,Robert  Munoz,Male,35,California,White Collar,12.Jul.2017,"$27,148.49 ",married,tertiary,yes,no,unknown,162,3,unknown,no,A01175
1176,Elbert  Klein,Female,32,California,White Collar,12.Jul.2017,"$19,551.45 ",married,primary,no,no,unknown,1178,3,unknown,no,A01176
1177,Guillermo  Potter,Male,28,California,White Collar,12.Jul.2017,"$140,804.16 ",married,tertiary,yes,no,cellular,506,2,failure,no,A01177
1178,Isabel  Cross,Male,22,California,Blue Collar,12.Jul.2017,"$36,714.72 ",single,tertiary,no,no,cellular,409,2,unknown,yes,A01178
1179,Sonya  Mullins,Male,43,Nevada,Other,12.Jul.2017,"$83,519.93 ",divorced,secondary,yes,no,cellular,116,3,unknown,no,A01179
1180,Isabel  Cross,Female,51,Nevada,Other,12.Jul.2017,"$65,601.55 ",married,tertiary,no,no,cellular,244,1,unknown,yes,A01180
1181,Willie  Vega,Female,46,Nevada,Blue Collar,12.Jul.2017,"$25,365.67 ",married,tertiary,yes,no,cellular,352,4,unknown,yes,A01181
1182,Tiffany  May,Male,24,Nevada,Other,12.Jul.2017,"$65,641.72 ",married,secondary,no,no,cellular,152,1,success,yes,A01182
1183,Nellie  Joseph,Male,41,Nevada,Blue Collar,12.Jul.2017,"$37,741.96 ",married,tertiary,yes,no,unknown,164,2,unknown,no,A01183
1184,Max  Rodgers,Female,44,Wyoming,White Collar,12.Jul.2017,"$44,188.85 ",married,secondary,yes,no,unknown,234,3,unknown,no,A01184
1185,Iris  Underwood,Female,29,Wyoming,White Collar,12.Jul.2017,"$65,761.04 ",married,secondary,no,no,cellular,154,4,unknown,no,A01185
1186,Fernando  Rowe,Female,26,Wyoming,White Collar,12.Jul.2017,"$56,462.21 ",married,secondary,yes,no,unknown,566,2,unknown,no,A01186
1187,Ben  Perez,Male,42,Oregon,White Collar,12.Jul.2017,"$35,789.55 ",married,tertiary,no,no,cellular,327,2,success,no,A01187
1188,Ivan  Adkins,Female,34,California,Other,13.Jul.2017,"$22,335.70 ",married,secondary,yes,no,cellular,265,3,unknown,no,A01188
1189,Sylvester  Morales,Female,32,California,Other,13.Jul.2017,"$113,740.60 ",married,primary,no,no,unknown,172,1,unknown,no,A01189
1190,Shari  Silva,Male,26,California,White Collar,13.Jul.2017,"$21,670.54 ",single,secondary,no,no,cellular,257,2,unknown,no,A01190
1191,Elaine  Ellis,Male,23,California,White Collar,13.Jul.2017,"$128,305.67 ",divorced,tertiary,no,no,unknown,618,1,unknown,yes,A01191
1192,Shari  Silva,Female,28,California,Other,13.Jul.2017,"$52,315.03 ",married,secondary,yes,no,cellular,241,3,unknown,no,A01192
1193,Brooke  Horton,Female,22,California,White Collar,13.Jul.2017,"$42,072.24 ",single,secondary,no,yes,cellular,936,4,unknown,no,A01193
1194,Trevor  Jones,Male,18,California,White Collar,13.Jul.2017,"$84,287.34 ",single,secondary,yes,no,cellular,329,1,failure,no,A01194
1195,Marion  Glover,Male,32,California,White Collar,13.Jul.2017,"$9,073.88 ",married,secondary,yes,no,cellular,24,1,failure,no,A01195
1196,Eddie  Green,Female,37,California,White Collar,13.Jul.2017,"$3,457.34 ",married,tertiary,no,no,cellular,177,5,failure,no,A01196
1197,Lee  Mack,Female,42,California,Blue Collar,13.Jul.2017,"$38,371.72 ",married,primary,no,no,telephone,120,1,unknown,no,A01197
1198,Jenny  Garcia,Male,55,Nevada,Other,13.Jul.2017,"$31,066.78 ",married,tertiary,no,no,telephone,135,3,unknown,no,A01198
1199,Jaime  Pearson,Male,48,Nevada,Blue Collar,13.Jul.2017,"$58,733.18 ",divorced,secondary,no,no,cellular,175,1,unknown,no,A01199
1200,Ellen  Weaver,Male,55,Nevada,White Collar,13.Jul.2017,"$41,391.04 ",single,tertiary,yes,no,cellular,179,1,unknown,no,A01200
1201,Lance  Yates,Male,48,Nevada,Other,13.Jul.2017,"$109,549.52 ",married,secondary,yes,no,unknown,58,1,unknown,no,A01201
1202,Fernando  Rowe,Male,52,Nevada,Blue Collar,13.Jul.2017,"$139,680.07 ",married,secondary,no,no,cellular,342,2,unknown,no,A01202
1203,Salvador  Bass,Male,43,Wyoming,White Collar,13.Jul.2017,"$85,361.64 ",divorced,secondary,yes,no,cellular,139,2,unknown,no,A01203
1204,Beth  Tucker,Female,42,Wyoming,White Collar,13.Jul.2017,"$6,342.37 ",married,primary,yes,no,unknown,88,8,unknown,no,A01204
1205,Cassandra  Franklin,Female,42,Wyoming,White Collar,13.Jul.2017,"$97,197.12 ",married,tertiary,yes,yes,cellular,210,3,unknown,no,A01205
1206,Brooke  Horton,Male,30,California,Blue Collar,14.Jul.2017,"$14,097.67 ",married,unknown,no,no,cellular,731,1,failure,no,A01206
1207,Beth  Tucker,Male,35,California,Blue Collar,14.Jul.2017,"$58,274.54 ",married,tertiary,no,no,cellular,670,3,unknown,yes,A01207
1208,Christina  Fuller,Female,34,California,Other,14.Jul.2017,"$94,153.55 ",married,primary,yes,no,unknown,63,5,unknown,no,A01208
1209,Felicia  Jennings,Male,18,California,Blue Collar,14.Jul.2017,"$60,553.84 ",married,tertiary,no,yes,cellular,70,2,unknown,no,A01209
1210,Robert  Munoz,Male,30,California,White Collar,14.Jul.2017,"$29,259.07 ",single,secondary,no,yes,cellular,72,6,failure,no,A01210
1211,Christina  Fuller,Female,40,California,White Collar,14.Jul.2017,"$1,050.51 ",divorced,secondary,yes,no,cellular,241,1,failure,no,A01211
1212,Jaime  Pearson,Male,39,California,White Collar,14.Jul.2017,"$157,786.64 ",single,secondary,no,no,cellular,272,4,unknown,no,A01212
1213,Isabel  Cross,Male,33,California,Other,14.Jul.2017,"$23,372.99 ",single,tertiary,no,no,cellular,207,8,failure,yes,A01213
1214,Bethany  Pena,Female,58,Nevada,Other,14.Jul.2017,"$103,024.82 ",married,secondary,yes,no,cellular,64,6,unknown,no,A01214
1215,Andrew  Meyer,Male,56,Nevada,Blue Collar,14.Jul.2017,"$5,340.25 ",married,secondary,no,no,unknown,543,2,unknown,no,A01215
1216,Shari  Silva,Female,29,Wyoming,White Collar,14.Jul.2017,"$148,165.66 ",single,secondary,no,no,cellular,166,1,unknown,no,A01216
1217,Cassandra  Franklin,Male,48,Wyoming,Other,14.Jul.2017,"$70,772.51 ",single,tertiary,no,no,cellular,245,3,success,no,A01217
1218,Trevor  Jones,Male,42,Wyoming,Other,14.Jul.2017,"$12,091.78 ",married,primary,yes,yes,unknown,94,1,unknown,no,A01218
1219,Felicia  Jennings,Female,34,Oregon,Other,14.Jul.2017,"$30,958.16 ",married,unknown,no,no,unknown,34,8,unknown,no,A01219
1220,Drew  Rogers,Male,45,California,White Collar,15.Jul.2017,"$41,180.19 ",married,primary,no,no,telephone,203,2,unknown,no,A01220
1221,Rachel  Gomez,Female,18,California,Blue Collar,15.Jul.2017,"$30,430.37 ",married,tertiary,no,no,cellular,318,1,unknown,no,A01221
1222,Eddie  Green,Female,38,California,White Collar,15.Jul.2017,"$37,337.03 ",married,secondary,yes,no,cellular,158,4,unknown,no,A01222
1223,Woodrow  Colon,Female,31,California,White Collar,15.Jul.2017,"$7,357.96 ",single,secondary,no,yes,cellular,177,1,unknown,no,A01223
1224,Shari  Silva,Female,28,California,Other,15.Jul.2017,"$159,622.22 ",divorced,tertiary,yes,yes,unknown,56,1,other,no,A01224
1225,Cassandra  Franklin,Male,34,California,White Collar,15.Jul.2017,"$1,370.31 ",single,secondary,yes,no,unknown,172,2,unknown,no,A01225
1226,Cassandra  Franklin,Female,32,California,Blue Collar,15.Jul.2017,"$64,131.01 ",married,secondary,yes,no,cellular,136,1,failure,no,A01226
1227,Salvador  Bass,Female,42,California,Blue Collar,15.Jul.2017,"$16,133.76 ",divorced,secondary,yes,yes,cellular,82,3,other,no,A01227
1228,Isabel  Cross,Male,29,California,White Collar,15.Jul.2017,"$23,223.55 ",single,secondary,yes,no,unknown,123,1,unknown,no,A01228
1229,Eric  Rose,Male,47,Nevada,Other,15.Jul.2017,"$95,572.88 ",married,secondary,yes,no,cellular,110,1,unknown,no,A01229
1230,Robert  Munoz,Male,49,Nevada,Blue Collar,15.Jul.2017,"$54,662.46 ",single,primary,yes,no,unknown,385,5,unknown,no,A01230
1231,Rachel  Gomez,Female,43,Nevada,Other,15.Jul.2017,"$11,447.18 ",divorced,secondary,no,no,cellular,415,7,unknown,yes,A01231
1232,Ben  Perez,Female,63,Nevada,Blue Collar,15.Jul.2017,"$42,379.84 ",divorced,secondary,yes,no,cellular,73,1,unknown,no,A01232
1233,Blake  Bridges,Male,33,Wyoming,Other,15.Jul.2017,"$91,626.16 ",single,secondary,yes,no,unknown,243,2,unknown,no,A01233
1234,Shari  Silva,Female,17,Oregon,Other,15.Jul.2017,"$19,851.40 ",married,secondary,yes,no,unknown,137,2,unknown,no,A01234
1235,Jaime  Pearson,Female,33,California,White Collar,16.Jul.2017,"$62,270.99 ",married,tertiary,yes,no,unknown,55,4,unknown,no,A01235
1236,Max  Rodgers,Female,42,California,Blue Collar,16.Jul.2017,"$77,291.16 ",married,secondary,yes,yes,cellular,18,5,unknown,no,A01236
1237,Joey  Wong,Male,39,California,Blue Collar,16.Jul.2017,"$136,187.25 ",single,secondary,no,yes,cellular,255,2,unknown,no,A01237
1238,Elaine  Ellis,Male,34,California,Other,16.Jul.2017,"$65,901.79 ",married,primary,yes,no,cellular,95,1,unknown,no,A01238
1239,Brooke  Horton,Female,24,California,White Collar,16.Jul.2017,"$40,339.16 ",married,primary,yes,yes,cellular,112,1,unknown,no,A01239
1240,Shari  Silva,Male,34,California,White Collar,16.Jul.2017,"$88,300.36 ",single,secondary,yes,yes,cellular,205,2,unknown,no,A01240
1241,Austin  Reynolds,Female,49,California,Blue Collar,16.Jul.2017,"$54,168.85 ",married,secondary,yes,no,cellular,97,1,failure,no,A01241
1242,Brooke  Horton,Female,38,California,White Collar,16.Jul.2017,"$51,319.90 ",single,unknown,no,no,cellular,154,1,unknown,no,A01242
1243,Allan  Ramos,Female,41,California,White Collar,16.Jul.2017,"$87,585.15 ",married,primary,yes,no,cellular,135,2,failure,no,A01243
1244,Felicia  Jennings,Male,31,California,White Collar,16.Jul.2017,"$41,509.73 ",married,primary,no,no,cellular,230,1,unknown,no,A01244
1245,Charlie  Wood,Female,59,Nevada,Other,16.Jul.2017,"$59,615.97 ",single,tertiary,yes,yes,cellular,349,1,unknown,no,A01245
1246,Jenny  Garcia,Female,62,Nevada,Other,16.Jul.2017,"$35,191.00 ",single,secondary,yes,no,cellular,38,1,unknown,no,A01246
1247,Isabel  Cross,Female,44,Nevada,Other,16.Jul.2017,"$38,344.79 ",married,tertiary,yes,no,cellular,268,1,unknown,no,A01247
1248,Ellen  Weaver,Female,40,California,Other,17.Jul.2017,"$36,124.31 ",married,tertiary,yes,no,cellular,94,4,unknown,no,A01248
1249,Cindy  Becker,Female,31,California,Other,17.Jul.2017,"$37,335.88 ",married,secondary,yes,no,cellular,263,2,unknown,no,A01249
1250,Isabel  Cross,Male,19,California,White Collar,17.Jul.2017,"$19,349.16 ",married,primary,no,no,cellular,671,4,unknown,yes,A01250
1251,Allan  Ramos,Male,45,Nevada,Blue Collar,17.Jul.2017,"$65,272.42 ",divorced,secondary,yes,yes,unknown,197,1,unknown,no,A01251
1252,Paulette  Spencer,Male,34,Nevada,Blue Collar,17.Jul.2017,"$15,385.63 ",married,secondary,yes,no,cellular,180,2,unknown,no,A01252
1253,Felicia  Jennings,Female,55,Nevada,Other,17.Jul.2017,"$16,025.78 ",married,secondary,no,no,cellular,452,2,unknown,no,A01253
1254,Johanna  Boone,Female,36,Wyoming,White Collar,17.Jul.2017,"$13,978.48 ",married,secondary,yes,no,unknown,352,1,unknown,no,A01254
1255,Ellen  Weaver,Female,39,Wyoming,White Collar,17.Jul.2017,"$47,427.70 ",divorced,primary,no,no,cellular,175,4,unknown,no,A01255
1256,Drew  Rogers,Male,50,Wyoming,White Collar,17.Jul.2017,"$11,487.03 ",married,secondary,yes,yes,cellular,163,2,unknown,no,A01256
1257,Charlie  Wood,Male,33,California,White Collar,18.Jul.2017,"$182,092.18 ",divorced,secondary,yes,no,unknown,200,2,unknown,no,A01257
1258,Isabel  Cross,Female,29,California,White Collar,18.Jul.2017,"$23,963.84 ",married,primary,no,yes,unknown,75,7,unknown,no,A01258
1259,Robert  Munoz,Male,49,Nevada,Blue Collar,18.Jul.2017,"$42,463.09 ",married,secondary,yes,no,cellular,227,1,unknown,no,A01259
1260,Salvador  Bass,Male,52,Nevada,Blue Collar,18.Jul.2017,"$6,112.63 ",single,secondary,yes,no,cellular,586,3,unknown,no,A01260
1261,Cecilia  Manning,Male,40,Nevada,Blue Collar,18.Jul.2017,"$36,784.15 ",single,secondary,no,yes,cellular,119,5,unknown,no,A01261
1262,Lance  Yates,Female,29,Wyoming,White Collar,18.Jul.2017,"$107,858.79 ",married,primary,yes,yes,telephone,80,2,unknown,no,A01262
1263,Cecilia  Manning,Male,37,Wyoming,White Collar,18.Jul.2017,"$98,662.79 ",married,primary,yes,yes,cellular,112,2,other,no,A01263
1264,Jaime  Pearson,Male,30,Wyoming,Blue Collar,18.Jul.2017,"$102,876.09 ",married,secondary,yes,no,unknown,130,2,unknown,no,A01264
1265,Billie  Chandler,Female,40,California,Blue Collar,19.Jul.2017,"$46,922.49 ",married,primary,yes,no,cellular,237,3,unknown,no,A01265
1266,Jenny  Garcia,Male,39,California,White Collar,19.Jul.2017,"$22,697.69 ",married,tertiary,no,no,cellular,377,8,unknown,no,A01266
1267,Drew  Rogers,Male,37,California,White Collar,19.Jul.2017,"$48,611.43 ",married,unknown,no,no,cellular,335,1,unknown,yes,A01267
1268,Fernando  Rowe,Female,37,California,Blue Collar,19.Jul.2017,"$63,361.39 ",married,secondary,yes,no,cellular,121,3,unknown,no,A01268
1269,Isabel  Cross,Female,26,California,White Collar,19.Jul.2017,"$37,842.15 ",married,secondary,no,no,cellular,127,5,unknown,no,A01269
1270,Donna  Reid,Male,34,California,Other,19.Jul.2017,"$166,861.72 ",single,secondary,no,no,unknown,650,2,unknown,yes,A01270
1271,Sonya  Mullins,Female,28,Nevada,Other,19.Jul.2017,"$78,527.88 ",married,secondary,yes,no,unknown,107,1,unknown,no,A01271
1272,Elaine  Ellis,Female,45,Nevada,Other,19.Jul.2017,"$42,135.69 ",married,secondary,yes,no,unknown,610,2,unknown,no,A01272
1273,Isabel  Cross,Male,61,Nevada,Other,19.Jul.2017,"$157,243.33 ",divorced,secondary,no,no,cellular,124,4,unknown,no,A01273
1274,Allan  Ramos,Male,37,California,White Collar,20.Jul.2017,"$51,918.13 ",divorced,secondary,yes,no,unknown,216,1,unknown,no,A01274
1275,Max  Rodgers,Male,34,California,White Collar,20.Jul.2017,"$30,787.52 ",divorced,primary,yes,yes,cellular,747,4,unknown,no,A01275
1276,Eddie  Green,Male,38,California,White Collar,20.Jul.2017,"$44,296.30 ",married,secondary,yes,no,cellular,313,1,other,no,A01276
1277,Rachel  Gomez,Female,35,California,White Collar,20.Jul.2017,"$43,243.42 ",divorced,tertiary,no,no,cellular,252,9,other,yes,A01277
1278,Sylvester  Morales,Male,40,California,Blue Collar,20.Jul.2017,"$3,776.15 ",divorced,secondary,no,no,cellular,121,1,unknown,yes,A01278
1279,Cassandra  Franklin,Female,35,California,Blue Collar,20.Jul.2017,"$132,644.85 ",married,secondary,yes,no,unknown,799,1,unknown,no,A01279
1280,Ivan  Adkins,Male,53,California,Other,20.Jul.2017,"$18,975.27 ",married,tertiary,yes,no,cellular,883,1,failure,no,A01280
1281,Bobbie  Ryan,Male,36,California,White Collar,20.Jul.2017,"$24,344.81 ",single,tertiary,yes,no,unknown,197,1,unknown,no,A01281
1282,Cassandra  Franklin,Male,44,Nevada,White Collar,20.Jul.2017,$360.45 ,married,primary,yes,no,cellular,271,2,unknown,no,A01282
1283,Billie  Chandler,Male,48,Nevada,Blue Collar,20.Jul.2017,"$8,544.73 ",married,primary,no,no,unknown,221,2,unknown,no,A01283
1284,Pauline  Beck,Male,41,Wyoming,White Collar,20.Jul.2017,"$130,275.63 ",married,secondary,no,yes,cellular,243,3,unknown,no,A01284
1285,Drew  Rogers,Female,32,Wyoming,White Collar,20.Jul.2017,"$107,817.85 ",married,primary,yes,no,unknown,72,1,unknown,no,A01285
1286,Bobbie  Ryan,Male,37,Wyoming,White Collar,20.Jul.2017,"$43,071.63 ",married,secondary,yes,no,cellular,155,2,unknown,no,A01286
1287,Iris  Underwood,Female,33,California,White Collar,21.Jul.2017,"$35,633.87 ",single,tertiary,yes,no,telephone,70,2,unknown,no,A01287
1288,Eddie  Green,Female,33,California,White Collar,21.Jul.2017,"$25,173.69 ",married,tertiary,yes,no,cellular,280,4,unknown,yes,A01288
1289,Max  Rodgers,Male,43,California,White Collar,21.Jul.2017,"$101,659.81 ",married,secondary,yes,no,unknown,115,2,unknown,no,A01289
1290,Jenny  Garcia,Male,41,California,White Collar,21.Jul.2017,"$19,010.21 ",married,primary,no,no,unknown,29,2,unknown,no,A01290
1291,Lance  Yates,Male,27,California,White Collar,21.Jul.2017,"$10,186.27 ",married,primary,yes,no,cellular,406,2,unknown,no,A01291
1292,Pauline  Beck,Male,43,California,White Collar,21.Jul.2017,"$43,789.22 ",divorced,secondary,yes,yes,cellular,113,3,unknown,no,A01292
1293,Brooke  Horton,Female,31,California,White Collar,21.Jul.2017,"$1,984.04 ",married,secondary,no,no,telephone,47,2,unknown,no,A01293
1294,Tiffany  May,Female,36,California,Other,21.Jul.2017,"$9,361.19 ",divorced,tertiary,no,no,unknown,36,2,unknown,no,A01294
1295,Edwin  Malone,Female,45,Nevada,Other,21.Jul.2017,"$15,862.27 ",married,unknown,yes,no,unknown,135,2,unknown,no,A01295
1296,Mable  Lindsey,Male,50,Nevada,White Collar,21.Jul.2017,"$14,333.45 ",single,tertiary,no,no,cellular,67,2,unknown,no,A01296
1297,Salvador  Bass,Male,32,Oregon,Other,21.Jul.2017,"$16,860.00 ",married,secondary,no,no,unknown,684,1,unknown,no,A01297
1298,Cindy  Becker,Male,37,California,White Collar,22.Jul.2017,"$25,782.61 ",single,tertiary,no,no,cellular,686,5,unknown,yes,A01298
1299,Ernest  Davis,Male,43,California,White Collar,22.Jul.2017,"$17,719.75 ",single,secondary,yes,no,cellular,170,3,unknown,no,A01299
1300,Brooke  Horton,Male,35,California,Other,22.Jul.2017,"$107,404.16 ",married,secondary,no,no,unknown,150,3,unknown,no,A01300
1301,Brooke  Horton,Female,35,California,White Collar,22.Jul.2017,"$21,081.96 ",divorced,secondary,no,no,cellular,1060,2,unknown,yes,A01301
1302,Drew  Rogers,Female,32,California,White Collar,22.Jul.2017,"$26,439.85 ",single,tertiary,yes,no,unknown,122,16,unknown,no,A01302
1303,Sandra  Floyd,Male,40,California,White Collar,22.Jul.2017,"$26,291.45 ",married,secondary,yes,no,unknown,724,1,unknown,no,A01303
1304,Tiffany  May,Female,41,California,Blue Collar,22.Jul.2017,"$50,646.61 ",married,unknown,no,no,cellular,230,1,success,yes,A01304
1305,Bethany  Pena,Male,34,California,Blue Collar,22.Jul.2017,"$163,133.94 ",married,tertiary,no,no,unknown,187,2,unknown,no,A01305
1306,Robert  Munoz,Female,33,California,Blue Collar,22.Jul.2017,"$48,383.79 ",married,primary,yes,yes,unknown,179,4,unknown,no,A01306
1307,Drew  Rogers,Female,31,California,White Collar,22.Jul.2017,"$273,830.91 ",married,secondary,no,yes,cellular,357,3,unknown,no,A01307
1308,Max  Rodgers,Female,51,California,White Collar,22.Jul.2017,"$87,544.42 ",married,secondary,no,no,unknown,82,1,unknown,no,A01308
1309,Elvira  Bowman,Male,35,California,White Collar,22.Jul.2017,"$186,589.30 ",married,tertiary,no,no,telephone,176,15,unknown,no,A01309
1310,Iris  Underwood,Male,30,California,White Collar,22.Jul.2017,"$31,363.49 ",married,secondary,yes,no,cellular,424,1,failure,no,A01310
1311,Drew  Rogers,Female,39,California,Blue Collar,22.Jul.2017,"$95,509.12 ",married,unknown,no,no,unknown,115,1,unknown,no,A01311
1312,Shari  Silva,Female,38,California,White Collar,22.Jul.2017,"$27,728.34 ",married,secondary,yes,no,cellular,177,2,failure,no,A01312
1313,Paulette  Spencer,Male,27,California,Blue Collar,22.Jul.2017,"$38,095.12 ",married,secondary,no,no,telephone,712,1,failure,yes,A01313
1314,Max  Rodgers,Male,32,California,White Collar,22.Jul.2017,"$6,397.97 ",single,tertiary,yes,no,unknown,118,1,unknown,no,A01314
1315,Rachel  Gomez,Female,28,California,White Collar,22.Jul.2017,"$46,367.09 ",married,primary,yes,no,unknown,25,7,unknown,no,A01315
1316,Max  Rodgers,Male,25,California,White Collar,22.Jul.2017,"$184,872.19 ",married,tertiary,no,no,unknown,753,1,unknown,no,A01316
1317,Robert  Munoz,Female,29,California,Blue Collar,22.Jul.2017,"$2,139.01 ",married,tertiary,yes,no,cellular,124,1,unknown,no,A01317
1318,Cecilia  Manning,Male,37,California,Blue Collar,22.Jul.2017,"$7,810.48 ",single,secondary,yes,no,cellular,208,2,unknown,no,A01318
1319,Donna  Reid,Female,21,California,Blue Collar,22.Jul.2017,"$89,012.64 ",married,secondary,no,no,cellular,136,4,unknown,no,A01319
1320,Arturo  Francis,Female,38,California,White Collar,22.Jul.2017,$15.72 ,married,secondary,yes,no,cellular,1081,2,unknown,yes,A01320
1321,Bobbie  Ryan,Male,37,California,White Collar,22.Jul.2017,"$42,154.69 ",married,tertiary,no,no,telephone,376,2,failure,no,A01321
1322,Lynette  Brewer,Female,40,California,White Collar,22.Jul.2017,"$8,334.88 ",married,secondary,no,no,cellular,78,1,unknown,no,A01322
1323,Johanna  Boone,Male,30,California,White Collar,22.Jul.2017,"$41,627.99 ",married,secondary,yes,no,cellular,354,1,unknown,no,A01323
1324,Tracy  Reed,Male,35,California,White Collar,22.Jul.2017,"$12,188.96 ",married,primary,yes,no,cellular,29,1,failure,no,A01324
1325,Salvador  Bass,Female,35,California,White Collar,22.Jul.2017,"$64,385.31 ",married,tertiary,yes,no,cellular,209,1,failure,no,A01325
1326,Elbert  Klein,Female,53,Nevada,Other,22.Jul.2017,"$61,089.99 ",single,tertiary,yes,no,cellular,433,1,unknown,no,A01326
1327,Eddie  Green,Male,44,Nevada,Other,22.Jul.2017,"$45,936.33 ",married,unknown,yes,no,unknown,147,2,unknown,no,A01327
1328,Ben  Perez,Male,44,Nevada,Blue Collar,22.Jul.2017,"$55,693.01 ",divorced,primary,yes,no,telephone,41,2,failure,no,A01328
1329,Pauline  Beck,Female,43,Nevada,Other,22.Jul.2017,"$5,809.60 ",single,tertiary,no,no,unknown,111,1,unknown,no,A01329
1330,Fernando  Rowe,Male,19,Nevada,White Collar,22.Jul.2017,"$14,562.84 ",single,secondary,no,no,cellular,108,2,unknown,no,A01330
1331,Sonya  Mullins,Female,56,Nevada,Other,22.Jul.2017,"$9,248.09 ",married,secondary,yes,no,cellular,411,2,unknown,no,A01331
1332,Lorraine  Gibson,Male,49,Nevada,Blue Collar,22.Jul.2017,"$119,169.42 ",married,secondary,no,no,cellular,108,2,unknown,no,A01332
1333,Lee  Mack,Male,55,Nevada,Blue Collar,22.Jul.2017,"$47,324.22 ",married,secondary,yes,no,cellular,224,2,unknown,yes,A01333
1334,Elbert  Klein,Male,40,Nevada,Other,22.Jul.2017,"$6,082.39 ",single,secondary,yes,no,unknown,1083,2,unknown,no,A01334
1335,Herman  Williams,Male,55,Nevada,Blue Collar,22.Jul.2017,"$81,525.31 ",single,tertiary,no,no,unknown,757,2,unknown,yes,A01335
1336,Mable  Lindsey,Male,47,Wyoming,White Collar,22.Jul.2017,"$98,060.13 ",married,primary,no,no,unknown,57,1,unknown,no,A01336
1337,Sonya  Mullins,Female,38,Wyoming,White Collar,22.Jul.2017,"$89,774.09 ",single,secondary,yes,yes,cellular,95,5,unknown,no,A01337
1338,Robert  Munoz,Male,44,Wyoming,White Collar,22.Jul.2017,"$165,492.46 ",single,tertiary,no,no,cellular,144,2,failure,no,A01338
1339,Elaine  Ellis,Female,40,Wyoming,Other,22.Jul.2017,"$55,527.75 ",married,secondary,no,no,cellular,135,1,unknown,no,A01339
1340,Brooke  Horton,Female,42,Wyoming,Other,22.Jul.2017,"$82,624.28 ",single,tertiary,no,no,cellular,176,2,unknown,no,A01340
1341,Joey  Wong,Male,28,Wyoming,White Collar,22.Jul.2017,"$180,627.63 ",married,secondary,no,yes,cellular,524,5,unknown,no,A01341
1342,Blake  Bridges,Female,36,Oregon,Other,22.Jul.2017,"$73,572.15 ",married,secondary,yes,no,unknown,65,1,unknown,no,A01342
1343,Max  Rodgers,Female,31,Oregon,Other,22.Jul.2017,"$9,896.16 ",married,secondary,yes,yes,cellular,653,1,success,yes,A01343
1344,Isabel  Cross,Male,26,Oregon,Other,22.Jul.2017,"$59,057.40 ",married,secondary,yes,no,unknown,91,1,other,yes,A01344
1345,Johanna  Boone,Male,46,California,White Collar,23.Jul.2017,"$73,896.49 ",single,secondary,no,no,cellular,93,1,unknown,yes,A01345
1346,Colleen  Warren,Female,33,California,White Collar,23.Jul.2017,"$21,075.69 ",divorced,tertiary,yes,no,cellular,503,2,failure,no,A01346
1347,Max  Rodgers,Female,42,California,White Collar,23.Jul.2017,"$144,542.93 ",married,secondary,yes,no,cellular,186,1,failure,no,A01347
1348,Sylvester  Morales,Female,35,California,White Collar,23.Jul.2017,"$46,853.42 ",married,tertiary,yes,no,unknown,121,2,unknown,no,A01348
1349,Lynette  Brewer,Male,44,California,White Collar,23.Jul.2017,"$90,903.06 ",married,tertiary,no,yes,cellular,452,2,unknown,no,A01349
1350,Edwin  Malone,Male,46,Nevada,Blue Collar,23.Jul.2017,"$13,674.93 ",married,primary,no,no,telephone,883,1,failure,yes,A01350
1351,Arturo  Francis,Male,45,Nevada,Blue Collar,23.Jul.2017,"$58,504.18 ",divorced,primary,yes,no,unknown,104,2,unknown,no,A01351
1352,Billie  Chandler,Female,49,Nevada,Other,23.Jul.2017,"$31,480.87 ",divorced,tertiary,no,no,cellular,24,3,unknown,no,A01352
1353,Cecilia  Manning,Female,34,Wyoming,White Collar,23.Jul.2017,"$23,100.37 ",single,secondary,no,no,telephone,79,9,unknown,no,A01353
1354,Blake  Bridges,Male,41,Wyoming,White Collar,23.Jul.2017,"$38,179.93 ",married,tertiary,no,no,cellular,178,2,unknown,no,A01354
1355,Andrew  Meyer,Male,25,Oregon,Other,23.Jul.2017,"$66,528.40 ",married,primary,yes,no,cellular,74,2,unknown,no,A01355
1356,Herman  Williams,Female,34,California,White Collar,24.Jul.2017,"$6,053.37 ",single,secondary,no,no,cellular,217,1,other,no,A01356
1357,Brooke  Horton,Male,40,California,White Collar,24.Jul.2017,"$100,486.75 ",single,tertiary,no,yes,cellular,475,1,unknown,no,A01357
1358,Mable  Lindsey,Male,49,California,Other,24.Jul.2017,"$2,127.27 ",single,secondary,yes,no,cellular,127,1,unknown,no,A01358
1359,Felicia  Jennings,Male,31,California,White Collar,24.Jul.2017,"$36,503.00 ",married,secondary,no,no,cellular,101,1,unknown,no,A01359
1360,Robert  Munoz,Male,37,California,White Collar,24.Jul.2017,"$88,700.69 ",married,primary,yes,no,cellular,340,3,unknown,no,A01360
1361,Edwin  Malone,Male,51,Nevada,Other,24.Jul.2017,"$38,764.78 ",single,secondary,yes,no,cellular,158,4,unknown,no,A01361
1362,Robert  Munoz,Female,29,California,Blue Collar,25.Jul.2017,"$28,333.67 ",single,tertiary,no,no,cellular,242,1,unknown,no,A01362
1363,Shari  Silva,Male,38,California,White Collar,25.Jul.2017,"$115,984.18 ",married,secondary,yes,no,unknown,323,1,unknown,no,A01363
1364,Elbert  Klein,Female,35,California,Blue Collar,25.Jul.2017,"$57,383.91 ",married,tertiary,yes,yes,unknown,18,30,unknown,no,A01364
1365,Cassandra  Franklin,Male,32,California,White Collar,25.Jul.2017,"$118,811.31 ",married,tertiary,yes,no,cellular,68,3,unknown,no,A01365
1366,Guillermo  Potter,Male,41,California,Blue Collar,25.Jul.2017,"$125,822.99 ",married,primary,yes,yes,cellular,134,4,unknown,no,A01366
1367,Dan  Peterson,Male,33,California,Blue Collar,25.Jul.2017,"$104,519.33 ",married,tertiary,yes,no,cellular,113,3,unknown,no,A01367
1368,Trevor  Jones,Male,19,California,White Collar,25.Jul.2017,"$102,954.19 ",married,secondary,yes,no,cellular,43,4,unknown,no,A01368
1369,Mable  Lindsey,Female,49,California,White Collar,25.Jul.2017,"$138,717.66 ",single,tertiary,no,no,unknown,200,2,unknown,no,A01369
1370,Elbert  Klein,Female,30,California,Other,25.Jul.2017,"$157,753.57 ",divorced,unknown,no,no,cellular,245,2,unknown,no,A01370
1371,Rachel  Gomez,Male,49,California,White Collar,25.Jul.2017,"$28,197.36 ",divorced,secondary,yes,no,unknown,343,4,unknown,no,A01371
1372,Edwin  Malone,Female,32,California,White Collar,25.Jul.2017,"$8,519.52 ",single,secondary,no,no,cellular,229,1,unknown,no,A01372
1373,Ruben  Nunez,Male,24,California,White Collar,25.Jul.2017,"$25,561.55 ",divorced,tertiary,yes,no,unknown,530,1,unknown,no,A01373
1374,Robert  Munoz,Male,52,Nevada,Blue Collar,25.Jul.2017,"$46,907.45 ",married,primary,no,no,cellular,58,5,unknown,no,A01374
1375,Isabel  Cross,Female,59,Nevada,Other,25.Jul.2017,"$130,052.93 ",married,secondary,no,no,cellular,78,2,success,no,A01375
1376,Edwin  Malone,Male,48,Nevada,Other,25.Jul.2017,"$59,960.57 ",married,secondary,no,no,unknown,147,1,unknown,no,A01376
1377,Cassandra  Franklin,Male,53,Nevada,Blue Collar,25.Jul.2017,"$23,544.51 ",single,tertiary,yes,no,cellular,40,1,unknown,no,A01377
1378,Eddie  Green,Male,27,Nevada,Blue Collar,25.Jul.2017,"$31,287.54 ",married,primary,yes,no,cellular,618,2,unknown,no,A01378
1379,Brooke  Horton,Male,56,Nevada,Blue Collar,25.Jul.2017,"$64,394.19 ",married,primary,yes,no,cellular,23,4,unknown,no,A01379
1380,Elaine  Ellis,Male,27,Oregon,White Collar,25.Jul.2017,"$33,840.36 ",married,secondary,no,no,cellular,293,1,other,yes,A01380
1381,Beth  Tucker,Male,30,California,Blue Collar,26.Jul.2017,"$48,769.30 ",married,secondary,yes,no,cellular,16,6,other,no,A01381
1382,Isabel  Cross,Male,34,California,White Collar,26.Jul.2017,"$40,144.49 ",married,secondary,no,no,cellular,286,2,unknown,no,A01382
1383,Fernando  Rowe,Female,30,California,White Collar,26.Jul.2017,"$58,976.13 ",married,secondary,yes,no,cellular,209,1,failure,no,A01383
1384,Sandra  Floyd,Male,52,California,White Collar,26.Jul.2017,"$34,495.04 ",married,tertiary,yes,no,unknown,935,1,unknown,no,A01384
1385,Felicia  Jennings,Male,26,California,White Collar,26.Jul.2017,"$78,512.61 ",married,primary,yes,no,unknown,260,1,unknown,no,A01385
1386,Cecilia  Manning,Male,45,California,White Collar,26.Jul.2017,"$42,795.18 ",married,secondary,yes,no,unknown,298,4,unknown,no,A01386
1387,Isabel  Cross,Male,31,California,White Collar,26.Jul.2017,"$46,538.69 ",married,secondary,yes,no,cellular,397,2,failure,no,A01387
1388,Christy  Olson,Male,38,California,White Collar,26.Jul.2017,"$10,593.49 ",single,tertiary,yes,no,cellular,113,4,failure,no,A01388
1389,Marion  Glover,Male,55,Nevada,Blue Collar,26.Jul.2017,"$103,505.33 ",divorced,secondary,yes,no,telephone,76,1,unknown,no,A01389
1390,Jaime  Pearson,Male,54,Nevada,Blue Collar,26.Jul.2017,"$134,575.99 ",married,tertiary,no,yes,cellular,141,1,unknown,no,A01390
1391,Andrew  Meyer,Male,44,Nevada,Blue Collar,26.Jul.2017,"$83,687.34 ",married,unknown,yes,no,unknown,773,2,unknown,no,A01391
1392,Felicia  Jennings,Female,35,Wyoming,White Collar,26.Jul.2017,"$59,241.60 ",single,secondary,no,no,telephone,329,1,other,no,A01392
1393,Rachel  Gomez,Female,21,Oregon,Blue Collar,26.Jul.2017,"$16,769.04 ",married,secondary,yes,no,unknown,423,1,unknown,no,A01393
1394,Felicia  Jennings,Female,31,California,Other,27.Jul.2017,"$1,750.36 ",married,primary,no,no,cellular,67,4,unknown,no,A01394
1395,Rachel  Gomez,Female,39,California,White Collar,27.Jul.2017,"$10,239.48 ",single,secondary,yes,yes,unknown,626,1,unknown,no,A01395
1396,Robert  Munoz,Female,32,California,Blue Collar,27.Jul.2017,"$62,508.84 ",married,tertiary,no,no,cellular,578,2,unknown,yes,A01396
1397,Cecilia  Manning,Male,36,California,White Collar,27.Jul.2017,"$35,334.10 ",married,secondary,yes,no,unknown,61,1,unknown,no,A01397
1398,Robert  Munoz,Female,34,California,White Collar,27.Jul.2017,"$33,881.69 ",married,secondary,yes,no,unknown,248,4,unknown,no,A01398
1399,Johanna  Boone,Male,34,California,White Collar,27.Jul.2017,"$87,533.70 ",single,secondary,no,yes,cellular,136,1,failure,no,A01399
1400,Fernando  Rowe,Female,41,California,White Collar,27.Jul.2017,"$34,599.42 ",single,tertiary,no,no,cellular,126,3,unknown,no,A01400
1401,Drew  Rogers,Female,29,California,Other,27.Jul.2017,"$50,093.55 ",married,secondary,no,no,telephone,653,3,unknown,no,A01401
1402,Kyle  Carr,Male,48,Nevada,Blue Collar,27.Jul.2017,"$1,801.60 ",married,unknown,yes,no,telephone,7,7,unknown,no,A01402
1403,Cassandra  Franklin,Male,39,Nevada,Blue Collar,27.Jul.2017,"$1,872.43 ",divorced,tertiary,yes,no,cellular,528,1,unknown,no,A01403
1404,Robert  Munoz,Male,32,Nevada,Other,27.Jul.2017,"$2,031.10 ",married,secondary,yes,no,cellular,785,1,unknown,no,A01404
1405,Brooke  Horton,Male,52,Nevada,Blue Collar,27.Jul.2017,"$88,730.30 ",married,tertiary,no,no,cellular,243,5,unknown,no,A01405
1406,Ellen  Weaver,Female,49,Nevada,Other,27.Jul.2017,"$110,564.39 ",married,primary,yes,no,cellular,24,2,other,no,A01406
1407,Sylvester  Morales,Male,55,Nevada,Other,27.Jul.2017,"$5,069.15 ",single,secondary,no,no,unknown,82,1,unknown,no,A01407
1408,Cassandra  Franklin,Female,40,Wyoming,White Collar,27.Jul.2017,"$50,448.16 ",single,tertiary,yes,no,unknown,952,3,unknown,no,A01408
1409,Max  Rodgers,Male,39,Wyoming,White Collar,27.Jul.2017,"$64,569.46 ",divorced,unknown,yes,no,cellular,27,5,unknown,no,A01409
1410,Rachel  Gomez,Male,43,Wyoming,White Collar,27.Jul.2017,"$172,647.75 ",married,secondary,yes,no,unknown,143,1,unknown,no,A01410
1411,Bethany  Pena,Female,38,Wyoming,White Collar,27.Jul.2017,"$21,491.64 ",divorced,secondary,yes,no,unknown,274,6,unknown,no,A01411
1412,Colleen  Warren,Female,35,Wyoming,White Collar,27.Jul.2017,"$65,970.37 ",single,secondary,yes,no,cellular,1174,1,other,yes,A01412
1413,Rachel  Gomez,Female,52,Oregon,Other,27.Jul.2017,"$11,587.64 ",divorced,unknown,no,no,cellular,915,1,unknown,no,A01413
1414,Kyle  Carr,Male,29,California,Other,28.Jul.2017,"$159,433.94 ",married,primary,yes,no,cellular,115,1,unknown,no,A01414
1415,Lorraine  Gibson,Female,30,California,White Collar,28.Jul.2017,"$3,680.87 ",divorced,secondary,yes,no,unknown,222,2,unknown,no,A01415
1416,Peter  Hodges,Male,44,California,White Collar,28.Jul.2017,"$34,820.03 ",divorced,primary,no,no,cellular,341,1,unknown,no,A01416
1417,Peter  Hodges,Female,37,California,Blue Collar,28.Jul.2017,"$64,805.54 ",single,secondary,yes,no,unknown,112,2,unknown,no,A01417
1418,Tracy  Reed,Male,41,California,White Collar,28.Jul.2017,"$22,237.24 ",married,primary,yes,no,unknown,64,2,unknown,no,A01418
1419,Lorraine  Gibson,Female,43,California,White Collar,28.Jul.2017,$169.70 ,single,secondary,yes,no,cellular,937,3,unknown,yes,A01419
1420,Drew  Rogers,Female,38,California,White Collar,28.Jul.2017,"$77,037.43 ",single,tertiary,yes,no,cellular,129,1,unknown,no,A01420
1421,Shari  Silva,Female,38,California,White Collar,28.Jul.2017,"$56,515.72 ",single,tertiary,yes,no,cellular,59,1,unknown,no,A01421
1422,Patty  Thompson,Female,29,California,Other,28.Jul.2017,"$69,466.45 ",married,secondary,yes,no,cellular,79,1,success,no,A01422
1423,Cassandra  Franklin,Female,50,Nevada,Other,28.Jul.2017,"$148,910.06 ",married,secondary,no,no,telephone,151,5,unknown,no,A01423
1424,Shari  Silva,Male,42,Nevada,Blue Collar,28.Jul.2017,"$56,584.28 ",divorced,secondary,yes,no,unknown,83,1,unknown,no,A01424
1425,Cecilia  Manning,Female,28,Wyoming,White Collar,28.Jul.2017,"$136,174.03 ",single,tertiary,no,no,cellular,101,5,other,no,A01425
1426,Della  Jensen,Male,17,Oregon,Other,28.Jul.2017,"$7,698.33 ",married,tertiary,no,no,cellular,157,3,success,yes,A01426
1427,Donna  Reid,Female,35,California,White Collar,29.Jul.2017,"$66,599.70 ",married,secondary,no,yes,cellular,57,11,other,no,A01427
1428,Eric  Rose,Female,38,California,White Collar,29.Jul.2017,"$121,975.61 ",married,secondary,yes,yes,unknown,176,3,unknown,no,A01428
1429,Shari  Silva,Male,32,California,White Collar,29.Jul.2017,"$20,398.87 ",married,secondary,yes,no,cellular,222,3,unknown,no,A01429
1430,Salvador  Bass,Male,40,California,Other,29.Jul.2017,"$43,719.85 ",married,primary,yes,no,unknown,217,4,unknown,no,A01430
1431,Trevor  Jones,Male,32,California,White Collar,29.Jul.2017,"$82,607.75 ",married,secondary,yes,no,unknown,252,1,unknown,no,A01431
1432,Sonya  Mullins,Female,27,California,White Collar,29.Jul.2017,"$85,495.75 ",single,secondary,yes,no,unknown,1063,5,unknown,yes,A01432
1433,Elaine  Ellis,Male,38,California,White Collar,29.Jul.2017,"$23,915.58 ",married,primary,no,no,cellular,41,2,unknown,no,A01433
1434,Mable  Lindsey,Male,31,California,Blue Collar,29.Jul.2017,"$30,204.67 ",single,secondary,yes,no,unknown,27,25,unknown,no,A01434
1435,Allan  Ramos,Male,51,Nevada,Blue Collar,29.Jul.2017,"$6,250.21 ",single,secondary,yes,no,cellular,758,2,unknown,no,A01435
1436,Kyle  Carr,Male,56,Nevada,Blue Collar,29.Jul.2017,"$17,755.49 ",married,secondary,no,no,telephone,301,3,unknown,yes,A01436
1437,Elvira  Bowman,Female,48,Nevada,Other,29.Jul.2017,"$11,586.79 ",married,tertiary,yes,no,cellular,574,1,unknown,no,A01437
1438,Trevor  Jones,Male,60,Nevada,White Collar,29.Jul.2017,"$111,440.63 ",married,tertiary,no,no,cellular,847,1,success,yes,A01438
1439,Max  Rodgers,Male,59,Nevada,Other,29.Jul.2017,"$35,681.90 ",married,primary,no,yes,telephone,78,5,unknown,no,A01439
1440,Shari  Silva,Male,50,Nevada,Blue Collar,29.Jul.2017,"$6,801.42 ",married,secondary,yes,yes,unknown,514,1,unknown,no,A01440
1441,Elbert  Klein,Male,51,Nevada,Other,29.Jul.2017,"$79,904.51 ",divorced,primary,no,no,unknown,1558,1,unknown,yes,A01441
1442,Lee  Mack,Female,46,Wyoming,White Collar,29.Jul.2017,"$14,726.22 ",married,unknown,no,no,cellular,789,2,unknown,no,A01442
1443,Ruben  Nunez,Female,43,Wyoming,White Collar,29.Jul.2017,"$81,243.36 ",married,primary,no,no,cellular,146,3,success,no,A01443
1444,Bernadette  Page,Male,29,Wyoming,Blue Collar,29.Jul.2017,"$48,427.75 ",single,secondary,yes,no,cellular,272,2,unknown,no,A01444
1445,Lula  Daniels,Female,28,California,Other,30.Jul.2017,"$15,951.27 ",divorced,primary,yes,no,cellular,323,2,failure,no,A01445
1446,Sonya  Mullins,Male,36,California,White Collar,30.Jul.2017,"$3,558.93 ",married,secondary,yes,no,cellular,712,2,unknown,no,A01446
1447,Elvira  Bowman,Male,43,California,White Collar,30.Jul.2017,"$23,699.30 ",single,tertiary,yes,no,unknown,860,2,unknown,yes,A01447
1448,Fernando  Rowe,Female,27,California,Blue Collar,30.Jul.2017,"$88,495.24 ",married,secondary,yes,no,cellular,75,9,unknown,no,A01448
1449,Salvador  Bass,Female,27,California,Other,30.Jul.2017,"$46,255.79 ",married,secondary,yes,no,unknown,191,4,unknown,no,A01449
1450,Cindy  Becker,Male,52,Nevada,Other,30.Jul.2017,"$20,027.73 ",married,tertiary,yes,yes,cellular,1441,2,unknown,yes,A01450
1451,Tracy  Reed,Male,53,Nevada,Other,30.Jul.2017,"$38,501.76 ",married,secondary,no,no,cellular,428,2,unknown,no,A01451
1452,Salvador  Bass,Male,47,Nevada,Blue Collar,30.Jul.2017,"$72,636.79 ",married,secondary,no,no,cellular,322,3,unknown,no,A01452
1453,Mable  Lindsey,Female,53,Nevada,Other,30.Jul.2017,"$77,045.93 ",married,secondary,yes,no,cellular,104,1,unknown,no,A01453
1454,Billie  Chandler,Female,59,Nevada,Other,30.Jul.2017,"$82,638.31 ",married,secondary,yes,no,cellular,127,1,unknown,no,A01454
1455,Edwin  Malone,Male,59,Nevada,Blue Collar,30.Jul.2017,"$29,598.54 ",single,primary,yes,no,unknown,1259,6,unknown,yes,A01455
1456,Guillermo  Potter,Male,40,Wyoming,White Collar,30.Jul.2017,"$5,395.37 ",married,tertiary,no,no,cellular,114,2,unknown,no,A01456
1457,Herman  Williams,Female,37,Oregon,White Collar,30.Jul.2017,"$20,800.28 ",married,secondary,yes,yes,unknown,106,1,unknown,no,A01457
1458,Ernest  Davis,Female,30,California,White Collar,31.Jul.2017,"$118,049.90 ",married,tertiary,no,no,cellular,305,1,failure,no,A01458
1459,Bobbie  Ryan,Female,37,California,White Collar,31.Jul.2017,"$182,458.67 ",married,tertiary,yes,no,cellular,307,1,unknown,yes,A01459
1460,Arturo  Francis,Female,34,California,White Collar,31.Jul.2017,"$186,716.99 ",single,secondary,no,no,cellular,1504,2,unknown,no,A01460
1461,Trevor  Jones,Male,30,California,White Collar,31.Jul.2017,"$101,993.81 ",married,unknown,no,no,cellular,396,3,unknown,no,A01461
1462,Lula  Daniels,Female,39,California,White Collar,31.Jul.2017,"$25,305.99 ",single,tertiary,yes,no,cellular,71,1,unknown,no,A01462
1463,Marian  Hill,Female,38,Nevada,Other,31.Jul.2017,"$55,394.09 ",married,secondary,no,no,cellular,205,3,unknown,no,A01463
1464,Ben  Perez,Female,43,Nevada,Other,31.Jul.2017,"$15,689.82 ",married,secondary,yes,no,unknown,134,2,unknown,no,A01464
1465,Eddie  Green,Female,34,Wyoming,White Collar,31.Jul.2017,"$1,626.39 ",married,secondary,no,yes,cellular,166,2,unknown,yes,A01465
1466,Edwin  Malone,Male,34,Wyoming,Blue Collar,31.Jul.2017,"$2,088.46 ",married,secondary,yes,no,cellular,81,5,unknown,no,A01466
1467,Mable  Lindsey,Male,23,Oregon,Blue Collar,31.Jul.2017,"$159,455.24 ",married,tertiary,no,yes,cellular,77,2,unknown,no,A01467
1468,Mable  Lindsey,Male,30,Oregon,White Collar,31.Jul.2017,"$49,289.12 ",divorced,secondary,no,no,cellular,80,2,unknown,yes,A01468
1469,Christy  Olson,Male,39,California,Blue Collar,01.Aug.2017,"$132,154.07 ",married,tertiary,yes,no,cellular,537,5,failure,no,A01469
1470,Isabel  Cross,Male,43,California,Blue Collar,01.Aug.2017,"$59,255.96 ",married,secondary,no,no,cellular,415,1,success,yes,A01470
1471,Fernando  Rowe,Female,29,California,White Collar,01.Aug.2017,"$103,244.37 ",married,primary,no,no,cellular,291,1,unknown,no,A01471
1472,Peter  Hodges,Male,28,California,Blue Collar,01.Aug.2017,"$33,336.16 ",single,tertiary,yes,no,cellular,283,1,other,no,A01472
1473,Drew  Rogers,Female,38,California,Other,01.Aug.2017,"$80,751.85 ",married,secondary,yes,no,telephone,70,4,unknown,no,A01473
1474,Lynette  Brewer,Female,23,California,Blue Collar,01.Aug.2017,"$3,121.79 ",married,secondary,yes,no,unknown,611,2,unknown,no,A01474
1475,Isabel  Cross,Female,36,California,White Collar,01.Aug.2017,"$60,048.63 ",divorced,secondary,no,no,cellular,132,3,unknown,no,A01475
1476,Max  Rodgers,Male,46,Nevada,Blue Collar,01.Aug.2017,"$130,136.81 ",married,tertiary,no,no,unknown,26,1,unknown,no,A01476
1477,Max  Rodgers,Male,44,Nevada,Blue Collar,01.Aug.2017,"$129,330.46 ",single,secondary,yes,no,cellular,262,3,unknown,no,A01477
1478,Lee  Mack,Male,46,Nevada,Blue Collar,01.Aug.2017,"$105,403.15 ",married,secondary,yes,no,unknown,272,1,unknown,no,A01478
1479,Edwin  Malone,Male,60,Nevada,Other,01.Aug.2017,"$133,092.70 ",single,tertiary,yes,no,cellular,137,1,failure,no,A01479
1480,Rachel  Gomez,Male,46,Wyoming,Blue Collar,01.Aug.2017,"$136,142.54 ",married,primary,no,no,cellular,95,1,unknown,no,A01480
1481,Della  Jensen,Female,29,Wyoming,White Collar,01.Aug.2017,"$43,812.69 ",married,tertiary,no,no,cellular,140,2,unknown,no,A01481
1482,Edwin  Malone,Male,31,California,White Collar,02.Aug.2017,"$36,563.28 ",single,secondary,yes,no,unknown,71,11,unknown,no,A01482
1483,Robert  Munoz,Female,25,California,White Collar,02.Aug.2017,"$8,706.57 ",married,secondary,yes,no,cellular,502,1,failure,no,A01483
1484,Arturo  Francis,Male,41,California,White Collar,02.Aug.2017,"$117,963.15 ",single,tertiary,yes,no,unknown,164,7,unknown,no,A01484
1485,Salvador  Bass,Male,33,California,White Collar,02.Aug.2017,"$72,971.52 ",married,primary,yes,yes,unknown,219,1,unknown,no,A01485
1486,Max  Rodgers,Female,43,Nevada,Other,02.Aug.2017,"$60,790.67 ",single,secondary,no,no,cellular,328,2,success,yes,A01486
1487,Lynette  Brewer,Male,58,Nevada,Other,02.Aug.2017,"$28,602.28 ",married,secondary,yes,no,unknown,224,2,unknown,no,A01487
1488,Arturo  Francis,Male,56,Nevada,Other,02.Aug.2017,"$89,513.66 ",married,primary,yes,no,cellular,63,2,unknown,no,A01488
1489,Dan  Peterson,Female,53,Nevada,White Collar,02.Aug.2017,"$29,303.31 ",married,tertiary,no,no,cellular,24,13,unknown,no,A01489
1490,Paulette  Spencer,Male,43,Wyoming,White Collar,02.Aug.2017,"$70,705.33 ",single,tertiary,no,no,telephone,147,4,unknown,no,A01490
1491,Rachel  Gomez,Female,36,California,Other,03.Aug.2017,"$84,222.81 ",single,secondary,no,no,cellular,84,3,unknown,no,A01491
1492,Andrew  Meyer,Male,27,California,White Collar,03.Aug.2017,"$60,633.73 ",married,secondary,yes,no,cellular,175,1,unknown,no,A01492
1493,Willie  Vega,Male,27,California,Blue Collar,03.Aug.2017,"$59,523.51 ",married,tertiary,yes,no,cellular,12,21,unknown,no,A01493
1494,Trevor  Jones,Female,31,California,White Collar,03.Aug.2017,"$126,182.48 ",single,tertiary,no,yes,cellular,40,15,unknown,no,A01494
1495,Ellen  Weaver,Male,36,California,White Collar,03.Aug.2017,"$97,897.85 ",single,secondary,no,no,cellular,217,1,unknown,no,A01495
1496,Salvador  Bass,Male,31,California,White Collar,03.Aug.2017,"$51,062.46 ",married,secondary,yes,yes,cellular,235,11,unknown,no,A01496
1497,Trevor  Jones,Male,35,California,White Collar,03.Aug.2017,"$29,635.88 ",single,secondary,no,no,cellular,255,1,unknown,no,A01497
1498,Robert  Munoz,Female,32,California,White Collar,03.Aug.2017,"$45,111.39 ",married,tertiary,no,yes,cellular,256,1,unknown,no,A01498
1499,Christy  Olson,Male,64,Nevada,Blue Collar,03.Aug.2017,"$106,127.37 ",divorced,primary,no,no,telephone,41,2,unknown,no,A01499
1500,Felicia  Jennings,Male,57,Nevada,Blue Collar,03.Aug.2017,"$39,010.10 ",married,tertiary,no,yes,unknown,75,1,unknown,no,A01500
1501,Marion  Glover,Male,45,Nevada,Blue Collar,03.Aug.2017,"$61,432.21 ",married,secondary,yes,no,cellular,192,4,unknown,no,A01501
1502,Salvador  Bass,Male,57,Nevada,Blue Collar,03.Aug.2017,"$211,629.12 ",married,secondary,no,no,unknown,796,1,unknown,yes,A01502
1503,Carla  Mccormick,Female,33,Oregon,Blue Collar,03.Aug.2017,"$88,245.04 ",married,secondary,no,no,cellular,220,3,unknown,no,A01503
1504,Lula  Daniels,Female,34,California,Other,04.Aug.2017,"$34,544.16 ",married,secondary,yes,yes,cellular,614,2,unknown,no,A01504
1505,Willie  Vega,Male,36,California,White Collar,04.Aug.2017,"$28,470.91 ",divorced,secondary,no,no,cellular,1126,4,unknown,yes,A01505
1506,Salvador  Bass,Female,38,California,White Collar,04.Aug.2017,"$37,604.30 ",married,secondary,no,no,telephone,161,2,unknown,no,A01506
1507,Bobbie  Ryan,Female,28,California,White Collar,04.Aug.2017,"$58,089.51 ",single,secondary,no,no,cellular,141,3,unknown,no,A01507
1508,Della  Jensen,Male,27,California,White Collar,04.Aug.2017,"$3,736.94 ",married,tertiary,no,yes,telephone,697,1,unknown,no,A01508
1509,Lula  Daniels,Female,26,California,White Collar,04.Aug.2017,"$28,492.25 ",single,secondary,no,no,unknown,223,2,unknown,no,A01509
1510,Max  Rodgers,Male,49,Nevada,Blue Collar,04.Aug.2017,"$63,661.91 ",divorced,secondary,no,no,cellular,931,1,unknown,yes,A01510
1511,Andrew  Meyer,Male,45,Nevada,Other,04.Aug.2017,"$40,528.30 ",married,secondary,yes,no,cellular,483,1,failure,no,A01511
1512,Iris  Underwood,Male,43,Nevada,Blue Collar,04.Aug.2017,"$53,013.72 ",single,secondary,no,no,cellular,63,2,unknown,no,A01512
1513,Salvador  Bass,Male,44,Wyoming,Blue Collar,04.Aug.2017,"$79,589.34 ",single,secondary,no,no,cellular,271,5,unknown,no,A01513
1514,Blake  Bridges,Female,30,California,Blue Collar,05.Aug.2017,"$141,029.19 ",married,secondary,yes,no,cellular,144,5,unknown,no,A01514
1515,Shari  Silva,Male,36,California,Other,05.Aug.2017,"$69,139.40 ",married,secondary,yes,yes,cellular,79,3,unknown,no,A01515
1516,Bethany  Pena,Male,31,California,White Collar,05.Aug.2017,"$13,218.21 ",married,primary,yes,no,telephone,171,1,unknown,no,A01516
1517,Paulette  Spencer,Male,53,Nevada,Other,05.Aug.2017,"$20,397.43 ",married,tertiary,yes,no,cellular,73,4,unknown,no,A01517
1518,Rachel  Gomez,Female,51,Nevada,Other,05.Aug.2017,"$44,609.99 ",married,unknown,no,no,telephone,69,1,unknown,no,A01518
1519,Mable  Lindsey,Female,38,Nevada,Other,05.Aug.2017,"$171,559.04 ",married,secondary,no,no,cellular,60,1,failure,no,A01519
1520,Isabel  Cross,Female,47,Wyoming,Other,05.Aug.2017,"$106,826.51 ",married,secondary,yes,no,unknown,257,1,unknown,no,A01520
1521,Charlie  Wood,Female,28,Oregon,Other,05.Aug.2017,"$28,596.36 ",married,tertiary,no,no,cellular,198,2,other,no,A01521
1522,Salvador  Bass,Male,35,Oregon,Other,05.Aug.2017,"$49,315.13 ",married,secondary,yes,no,cellular,217,3,failure,no,A01522
1523,Patty  Thompson,Female,18,Oregon,Blue Collar,05.Aug.2017,"$47,683.00 ",married,primary,yes,yes,cellular,134,1,unknown,no,A01523
1524,Cassandra  Franklin,Female,36,California,White Collar,06.Aug.2017,"$75,406.99 ",single,secondary,yes,no,cellular,41,1,unknown,no,A01524
1525,Elbert  Klein,Male,23,California,White Collar,06.Aug.2017,"$60,043.93 ",married,primary,yes,yes,cellular,611,2,other,no,A01525
1526,Brooke  Horton,Male,48,California,Other,06.Aug.2017,"$7,313.79 ",single,unknown,yes,no,unknown,216,3,unknown,no,A01526
1527,Tiffany  May,Female,47,California,White Collar,06.Aug.2017,"$28,148.73 ",married,secondary,no,no,cellular,388,8,unknown,no,A01527
1528,Sonya  Mullins,Male,27,Wyoming,White Collar,06.Aug.2017,"$26,179.21 ",divorced,secondary,yes,no,unknown,242,1,unknown,no,A01528
1529,Elbert  Klein,Male,43,Wyoming,Other,06.Aug.2017,"$77,010.61 ",single,secondary,no,no,cellular,387,1,unknown,no,A01529
1530,Max  Rodgers,Female,45,Wyoming,Other,06.Aug.2017,"$33,289.76 ",single,secondary,no,no,cellular,90,1,unknown,no,A01530
1531,Rachel  Gomez,Female,31,Oregon,Blue Collar,06.Aug.2017,"$68,964.99 ",married,secondary,yes,no,telephone,281,2,unknown,no,A01531
1532,Charlie  Wood,Male,51,California,Blue Collar,07.Aug.2017,"$63,158.13 ",married,primary,yes,no,cellular,332,1,unknown,no,A01532
1533,Shari  Silva,Female,39,California,White Collar,07.Aug.2017,"$7,660.19 ",married,secondary,no,no,cellular,218,1,unknown,yes,A01533
1534,Pauline  Beck,Male,37,California,Blue Collar,07.Aug.2017,"$81,391.94 ",single,secondary,yes,no,unknown,650,2,unknown,no,A01534
1535,Paulette  Spencer,Male,39,California,White Collar,07.Aug.2017,"$31,647.46 ",divorced,tertiary,yes,yes,telephone,1034,1,unknown,yes,A01535
1536,Paulette  Spencer,Male,45,California,White Collar,07.Aug.2017,"$26,905.27 ",married,secondary,yes,no,cellular,182,2,failure,no,A01536
1537,Woodrow  Colon,Male,26,California,White Collar,07.Aug.2017,"$12,996.39 ",single,secondary,no,no,cellular,156,1,unknown,no,A01537
1538,Trevor  Jones,Female,47,Wyoming,White Collar,07.Aug.2017,"$64,566.42 ",married,tertiary,yes,no,cellular,171,3,unknown,no,A01538
1539,Cassandra  Franklin,Female,37,Wyoming,White Collar,07.Aug.2017,"$80,334.72 ",divorced,secondary,yes,no,telephone,265,1,other,no,A01539
1540,Joey  Wong,Male,33,California,Other,08.Aug.2017,"$27,319.46 ",married,secondary,yes,no,cellular,10,3,unknown,no,A01540
1541,Cassandra  Franklin,Male,30,California,Other,08.Aug.2017,"$123,940.52 ",divorced,secondary,no,no,cellular,350,1,unknown,no,A01541
1542,Marion  Glover,Female,30,California,Other,08.Aug.2017,"$129,240.10 ",married,secondary,yes,no,cellular,65,1,failure,no,A01542
1543,Cassandra  Franklin,Male,26,California,White Collar,08.Aug.2017,"$19,228.03 ",married,secondary,no,no,cellular,58,1,unknown,no,A01543
1544,Ellen  Weaver,Female,25,California,White Collar,08.Aug.2017,"$68,086.00 ",single,unknown,no,no,cellular,69,3,unknown,no,A01544
1545,Cassandra  Franklin,Male,30,California,White Collar,08.Aug.2017,"$56,896.25 ",married,tertiary,no,yes,cellular,127,2,unknown,no,A01545
1546,Rachel  Gomez,Female,37,California,White Collar,08.Aug.2017,"$11,143.37 ",married,secondary,yes,no,telephone,154,2,unknown,no,A01546
1547,Carla  Mccormick,Female,38,California,Other,08.Aug.2017,"$119,906.96 ",married,secondary,no,no,telephone,36,4,unknown,no,A01547
1548,Marion  Glover,Female,35,California,Blue Collar,08.Aug.2017,"$131,282.12 ",married,tertiary,no,yes,cellular,85,7,failure,no,A01548
1549,Iris  Underwood,Male,55,Nevada,Blue Collar,08.Aug.2017,"$16,272.01 ",single,unknown,yes,no,cellular,362,1,failure,no,A01549
1550,Edwin  Malone,Male,50,Nevada,Blue Collar,08.Aug.2017,"$42,001.30 ",married,secondary,yes,no,cellular,49,1,unknown,no,A01550
1551,Kyle  Carr,Female,36,Oregon,Other,08.Aug.2017,"$17,261.96 ",married,secondary,yes,no,cellular,410,1,unknown,no,A01551
1552,Kyle  Carr,Female,36,California,Blue Collar,09.Aug.2017,"$34,695.79 ",married,primary,yes,yes,cellular,253,3,unknown,no,A01552
1553,Arturo  Francis,Male,44,California,Blue Collar,09.Aug.2017,"$16,286.25 ",single,tertiary,no,no,cellular,570,1,unknown,no,A01553
1554,Mable  Lindsey,Male,34,California,White Collar,09.Aug.2017,"$141,391.00 ",married,secondary,yes,no,cellular,633,7,unknown,no,A01554
1555,Rachel  Gomez,Male,47,California,Other,09.Aug.2017,"$40,134.96 ",married,secondary,yes,no,unknown,82,4,unknown,no,A01555
1556,Max  Rodgers,Female,25,California,White Collar,09.Aug.2017,"$98,663.52 ",married,tertiary,yes,yes,cellular,164,1,unknown,no,A01556
1557,Patty  Thompson,Male,29,California,White Collar,09.Aug.2017,"$4,456.79 ",married,primary,no,yes,unknown,175,3,unknown,no,A01557
1558,Marian  Hill,Female,37,California,White Collar,09.Aug.2017,"$89,800.94 ",single,tertiary,no,no,cellular,659,4,unknown,yes,A01558
1559,Mable  Lindsey,Male,46,California,White Collar,09.Aug.2017,"$6,624.94 ",single,secondary,yes,no,cellular,139,2,unknown,no,A01559
1560,Pauline  Beck,Female,35,California,White Collar,09.Aug.2017,"$39,351.54 ",single,secondary,yes,no,unknown,43,11,unknown,no,A01560
1561,Isabel  Cross,Male,52,Nevada,Blue Collar,09.Aug.2017,"$156,257.13 ",married,tertiary,yes,no,cellular,343,5,unknown,no,A01561
1562,Elbert  Klein,Male,58,Nevada,Other,09.Aug.2017,"$99,812.07 ",married,unknown,no,yes,cellular,74,1,success,no,A01562
1563,Salvador  Bass,Male,49,Wyoming,White Collar,09.Aug.2017,"$49,054.49 ",married,primary,yes,no,unknown,302,8,unknown,no,A01563
1564,Cecilia  Manning,Female,24,California,White Collar,10.Aug.2017,"$128,540.31 ",married,secondary,no,no,cellular,455,13,unknown,no,A01564
1565,Salvador  Bass,Female,39,California,White Collar,10.Aug.2017,"$102,527.54 ",divorced,unknown,yes,no,unknown,126,4,unknown,no,A01565
1566,Charlie  Wood,Female,40,California,White Collar,10.Aug.2017,"$126,929.61 ",divorced,secondary,yes,yes,cellular,107,1,unknown,no,A01566
1567,Lorraine  Gibson,Male,48,Nevada,Blue Collar,10.Aug.2017,"$53,542.27 ",married,primary,yes,no,unknown,120,1,unknown,no,A01567
1568,Brooke  Horton,Male,36,Nevada,Blue Collar,10.Aug.2017,"$79,976.46 ",married,tertiary,yes,no,cellular,727,4,unknown,no,A01568
1569,Lee  Mack,Male,58,Nevada,Other,10.Aug.2017,"$80,781.90 ",single,secondary,yes,no,unknown,275,4,unknown,no,A01569
1570,Cassandra  Franklin,Male,38,Nevada,Blue Collar,10.Aug.2017,"$133,657.33 ",single,unknown,no,no,telephone,41,1,unknown,no,A01570
1571,Cassandra  Franklin,Male,52,Nevada,Blue Collar,10.Aug.2017,"$6,956.42 ",married,tertiary,no,no,cellular,61,4,unknown,no,A01571
1572,Cassandra  Franklin,Male,60,Nevada,Blue Collar,10.Aug.2017,"$35,454.25 ",married,primary,yes,no,cellular,232,2,other,no,A01572
1573,Salvador  Bass,Male,31,Nevada,White Collar,10.Aug.2017,"$185,419.67 ",married,secondary,yes,no,cellular,214,1,unknown,no,A01573
1574,Nellie  Joseph,Male,56,Nevada,Other,10.Aug.2017,"$103,017.42 ",married,secondary,yes,no,telephone,21,1,unknown,no,A01574
1575,Charlie  Wood,Male,33,Wyoming,White Collar,10.Aug.2017,"$179,518.63 ",divorced,unknown,no,no,cellular,138,2,unknown,yes,A01575
1576,Cassandra  Franklin,Male,41,Wyoming,White Collar,10.Aug.2017,"$78,111.94 ",single,primary,yes,no,cellular,173,1,other,no,A01576
1577,Cassandra  Franklin,Female,38,Wyoming,White Collar,10.Aug.2017,"$47,176.99 ",married,secondary,yes,no,cellular,635,1,unknown,no,A01577
1578,Della  Jensen,Female,34,Oregon,Other,10.Aug.2017,"$7,389.04 ",married,secondary,yes,yes,cellular,77,2,unknown,no,A01578
1579,Cindy  Becker,Male,43,California,Blue Collar,11.Aug.2017,"$53,892.96 ",married,tertiary,yes,no,unknown,73,1,unknown,no,A01579
1580,Drew  Rogers,Female,36,California,White Collar,11.Aug.2017,"$10,505.12 ",married,tertiary,no,no,cellular,540,2,failure,no,A01580
1581,Edwin  Malone,Female,40,California,Other,11.Aug.2017,"$41,196.70 ",married,primary,yes,no,unknown,179,2,unknown,no,A01581
1582,Ben  Perez,Female,43,California,White Collar,11.Aug.2017,"$54,765.70 ",single,tertiary,yes,no,cellular,119,1,unknown,no,A01582
1583,Della  Jensen,Male,36,California,White Collar,11.Aug.2017,"$5,035.49 ",married,primary,yes,no,telephone,107,1,other,no,A01583
1584,Shari  Silva,Male,33,California,White Collar,11.Aug.2017,"$53,144.24 ",married,secondary,yes,no,unknown,48,2,unknown,no,A01584
1585,Max  Rodgers,Male,42,Nevada,Other,11.Aug.2017,"$168,531.99 ",single,tertiary,yes,no,unknown,447,4,unknown,no,A01585
1586,Lula  Daniels,Female,54,Nevada,Other,11.Aug.2017,"$120,321.37 ",married,secondary,yes,no,cellular,430,2,unknown,no,A01586
1587,Sylvester  Morales,Male,64,Nevada,Other,11.Aug.2017,"$21,256.09 ",single,tertiary,no,no,cellular,64,2,unknown,no,A01587
1588,Ellen  Weaver,Male,42,Wyoming,Blue Collar,11.Aug.2017,"$29,063.81 ",single,secondary,yes,no,unknown,217,5,unknown,no,A01588
1589,Della  Jensen,Male,37,Wyoming,Blue Collar,11.Aug.2017,"$141,263.67 ",single,tertiary,yes,no,cellular,77,1,unknown,no,A01589
1590,Della  Jensen,Male,21,Wyoming,White Collar,11.Aug.2017,"$45,434.90 ",married,secondary,yes,no,unknown,16,11,unknown,no,A01590
1591,Lynette  Brewer,Male,28,Wyoming,White Collar,11.Aug.2017,"$47,807.40 ",married,unknown,no,no,cellular,753,2,unknown,no,A01591
1592,Nellie  Joseph,Male,32,California,White Collar,12.Aug.2017,"$48,273.30 ",married,secondary,no,no,cellular,125,2,failure,no,A01592
1593,Isabel  Cross,Female,36,California,White Collar,12.Aug.2017,"$44,590.58 ",single,secondary,yes,yes,unknown,1210,1,unknown,no,A01593
1594,Marian  Hill,Female,47,California,White Collar,12.Aug.2017,"$128,688.58 ",married,secondary,yes,no,cellular,185,1,unknown,no,A01594
1595,Elaine  Ellis,Female,40,California,Blue Collar,12.Aug.2017,"$20,315.52 ",divorced,secondary,yes,no,cellular,80,1,unknown,no,A01595
1596,Max  Rodgers,Female,29,California,White Collar,12.Aug.2017,"$79,397.99 ",single,secondary,no,no,cellular,156,2,unknown,no,A01596
1597,Drew  Rogers,Female,45,Nevada,Other,12.Aug.2017,"$6,194.25 ",married,secondary,no,yes,cellular,403,3,unknown,no,A01597
1598,Elvira  Bowman,Male,51,Nevada,Blue Collar,12.Aug.2017,"$54,785.40 ",single,tertiary,yes,no,cellular,145,2,unknown,no,A01598
1599,Della  Jensen,Male,29,Wyoming,White Collar,12.Aug.2017,"$111,787.40 ",single,primary,yes,no,cellular,17,7,unknown,no,A01599
1600,Ruben  Nunez,Female,39,Oregon,Blue Collar,12.Aug.2017,"$31,748.81 ",married,tertiary,yes,no,cellular,160,1,unknown,no,A01600
1601,Cindy  Becker,Male,40,California,White Collar,13.Aug.2017,"$73,129.99 ",married,secondary,yes,yes,cellular,486,2,failure,no,A01601
1602,Marion  Glover,Female,39,California,Other,13.Aug.2017,"$32,576.31 ",married,primary,yes,no,cellular,321,1,unknown,no,A01602
1603,Edwin  Malone,Male,42,California,White Collar,13.Aug.2017,"$143,414.06 ",divorced,secondary,yes,no,unknown,203,4,unknown,no,A01603
1604,Ernest  Davis,Female,37,California,Other,13.Aug.2017,"$134,187.61 ",married,unknown,no,no,cellular,646,3,success,no,A01604
1605,Johanna  Boone,Female,27,California,Other,13.Aug.2017,"$51,011.48 ",single,tertiary,yes,no,cellular,97,3,unknown,yes,A01605
1606,Della  Jensen,Male,36,California,White Collar,13.Aug.2017,"$95,941.48 ",married,secondary,yes,yes,cellular,144,2,unknown,no,A01606
1607,Tracy  Reed,Male,33,California,Blue Collar,13.Aug.2017,"$75,848.72 ",single,unknown,no,no,unknown,30,6,unknown,no,A01607
1608,Paulette  Spencer,Female,39,California,White Collar,13.Aug.2017,"$66,097.39 ",divorced,tertiary,no,yes,cellular,82,2,unknown,no,A01608
1609,Herman  Williams,Female,64,Nevada,Other,13.Aug.2017,"$35,106.52 ",married,primary,yes,no,unknown,326,4,unknown,no,A01609
1610,Paulette  Spencer,Male,44,Nevada,White Collar,13.Aug.2017,"$6,628.40 ",single,secondary,no,no,cellular,414,3,unknown,no,A01610
1611,Marion  Glover,Female,26,Nevada,Blue Collar,13.Aug.2017,"$114,497.31 ",married,primary,yes,no,cellular,285,5,unknown,no,A01611
1612,Della  Jensen,Male,61,Nevada,Other,13.Aug.2017,"$7,350.94 ",divorced,tertiary,no,no,cellular,716,3,unknown,yes,A01612
1613,Fernando  Rowe,Male,55,Nevada,Blue Collar,13.Aug.2017,"$23,606.12 ",divorced,tertiary,yes,yes,unknown,449,4,unknown,no,A01613
1614,Ernest  Davis,Male,29,Wyoming,Other,13.Aug.2017,"$131,109.88 ",married,primary,yes,no,unknown,16,3,unknown,no,A01614
1615,Elvira  Bowman,Female,32,California,Other,14.Aug.2017,"$106,452.78 ",single,secondary,yes,no,unknown,65,1,unknown,no,A01615
1616,Robert  Munoz,Female,25,California,White Collar,14.Aug.2017,"$63,840.16 ",married,tertiary,yes,no,cellular,138,1,unknown,no,A01616
1617,Rachel  Gomez,Female,36,California,White Collar,14.Aug.2017,"$85,479.99 ",married,primary,no,no,cellular,121,3,unknown,no,A01617
1618,Cassandra  Franklin,Male,26,California,Other,14.Aug.2017,"$96,013.96 ",married,tertiary,no,no,cellular,140,2,unknown,no,A01618
1619,Carla  Mccormick,Female,28,California,White Collar,14.Aug.2017,"$22,067.60 ",married,primary,yes,no,cellular,256,6,unknown,no,A01619
1620,Max  Rodgers,Female,41,California,Blue Collar,14.Aug.2017,"$19,369.03 ",married,secondary,yes,no,cellular,61,4,unknown,no,A01620
1621,Ellen  Weaver,Male,29,California,White Collar,14.Aug.2017,"$46,334.04 ",married,primary,yes,no,cellular,367,2,unknown,no,A01621
1622,Max  Rodgers,Male,51,Nevada,Other,14.Aug.2017,"$16,625.06 ",married,secondary,yes,no,telephone,9,5,other,no,A01622
1623,Max  Rodgers,Male,55,Nevada,Blue Collar,14.Aug.2017,"$26,994.97 ",single,primary,no,yes,cellular,395,4,unknown,no,A01623
1624,Paulette  Spencer,Male,51,Nevada,Other,14.Aug.2017,"$1,311.63 ",married,primary,no,yes,cellular,125,2,unknown,no,A01624
1625,Robert  Munoz,Male,51,Nevada,Other,14.Aug.2017,"$2,615.45 ",married,secondary,no,no,unknown,580,3,unknown,no,A01625
1626,Robert  Munoz,Female,37,Wyoming,White Collar,14.Aug.2017,"$11,911.70 ",married,secondary,yes,no,cellular,15,1,failure,no,A01626
1627,Lance  Yates,Male,45,Wyoming,White Collar,14.Aug.2017,"$26,916.99 ",married,secondary,yes,no,unknown,119,2,unknown,no,A01627
1628,Joey  Wong,Female,45,Wyoming,Other,14.Aug.2017,"$80,272.63 ",married,secondary,yes,no,unknown,26,2,unknown,no,A01628
1629,Jenny  Garcia,Female,36,Wyoming,Other,14.Aug.2017,"$14,446.15 ",married,secondary,yes,yes,cellular,224,2,failure,no,A01629
1630,Trevor  Jones,Female,28,Oregon,Other,14.Aug.2017,"$59,944.67 ",married,secondary,yes,no,unknown,285,1,unknown,no,A01630
1631,Salvador  Bass,Female,28,California,White Collar,15.Aug.2017,"$26,215.70 ",divorced,tertiary,yes,no,unknown,399,4,unknown,no,A01631
1632,Iris  Underwood,Female,28,California,White Collar,15.Aug.2017,"$12,231.00 ",married,secondary,no,no,cellular,88,3,unknown,no,A01632
1633,Trevor  Jones,Male,34,California,White Collar,15.Aug.2017,"$28,436.96 ",married,secondary,yes,no,cellular,185,4,unknown,no,A01633
1634,Guillermo  Potter,Male,28,California,White Collar,15.Aug.2017,"$13,369.25 ",married,primary,no,no,cellular,98,1,failure,no,A01634
1635,Tracy  Reed,Female,34,California,White Collar,15.Aug.2017,"$196,214.81 ",divorced,secondary,no,no,cellular,97,1,failure,no,A01635
1636,Cindy  Becker,Male,23,California,Other,15.Aug.2017,"$7,845.12 ",married,secondary,yes,no,cellular,72,2,failure,no,A01636
1637,Max  Rodgers,Female,26,California,White Collar,16.Aug.2017,"$8,247.58 ",married,secondary,no,no,cellular,109,1,failure,no,A01637
1638,Trevor  Jones,Male,63,Nevada,Other,16.Aug.2017,"$12,523.58 ",married,primary,yes,no,unknown,208,3,unknown,no,A01638
1639,Cecilia  Manning,Female,57,Nevada,White Collar,16.Aug.2017,"$52,160.52 ",single,tertiary,no,no,unknown,1029,1,unknown,yes,A01639
1640,Ruben  Nunez,Male,64,Nevada,Blue Collar,16.Aug.2017,"$70,319.52 ",single,secondary,yes,yes,cellular,273,1,unknown,no,A01640
1641,Rachel  Gomez,Male,28,Wyoming,White Collar,16.Aug.2017,"$115,239.51 ",married,tertiary,yes,no,unknown,130,1,unknown,no,A01641
1642,Christy  Olson,Male,41,Wyoming,White Collar,16.Aug.2017,"$167,526.52 ",single,secondary,no,no,cellular,590,2,unknown,no,A01642
1643,Max  Rodgers,Male,40,California,White Collar,17.Aug.2017,"$91,878.42 ",married,secondary,yes,no,cellular,107,2,unknown,no,A01643
1644,Carla  Mccormick,Female,41,California,Other,17.Aug.2017,"$28,759.16 ",divorced,secondary,yes,no,unknown,88,2,unknown,no,A01644
1645,Jenny  Garcia,Female,44,California,White Collar,17.Aug.2017,"$68,884.03 ",divorced,tertiary,no,no,cellular,305,2,unknown,no,A01645
1646,Rachel  Gomez,Female,31,California,White Collar,17.Aug.2017,"$68,252.28 ",married,secondary,no,no,cellular,90,2,unknown,no,A01646
1647,Woodrow  Colon,Male,24,California,Blue Collar,17.Aug.2017,"$28,772.24 ",single,tertiary,yes,no,cellular,222,1,unknown,no,A01647
1648,Trevor  Jones,Male,41,Nevada,Other,17.Aug.2017,"$85,849.73 ",married,tertiary,yes,no,cellular,127,1,unknown,no,A01648
1649,Beth  Tucker,Male,55,Nevada,Blue Collar,17.Aug.2017,"$66,400.67 ",married,tertiary,no,no,telephone,38,1,unknown,no,A01649
1650,Bernadette  Page,Male,34,Nevada,Other,17.Aug.2017,"$31,542.60 ",single,secondary,no,no,cellular,380,3,unknown,no,A01650
1651,Mable  Lindsey,Female,21,Wyoming,White Collar,17.Aug.2017,"$68,505.42 ",divorced,secondary,yes,no,cellular,244,3,failure,no,A01651
1652,Jenny  Garcia,Male,39,Wyoming,Other,17.Aug.2017,"$108,754.00 ",married,primary,yes,no,cellular,189,17,unknown,no,A01652
1653,Woodrow  Colon,Male,35,California,Blue Collar,18.Aug.2017,"$24,594.22 ",single,secondary,yes,no,unknown,217,2,unknown,no,A01653
1654,Eric  Rose,Female,18,California,White Collar,18.Aug.2017,"$54,784.85 ",married,primary,no,no,cellular,388,3,success,yes,A01654
1655,Ernest  Davis,Male,40,California,White Collar,18.Aug.2017,"$31,201.91 ",married,primary,yes,no,unknown,22,3,unknown,no,A01655
1656,Rachel  Gomez,Male,38,California,White Collar,18.Aug.2017,"$77,760.60 ",single,secondary,no,no,cellular,289,2,unknown,no,A01656
1657,Dan  Peterson,Male,30,California,White Collar,18.Aug.2017,"$48,357.25 ",married,tertiary,yes,no,cellular,221,8,unknown,no,A01657
1658,Nellie  Joseph,Female,39,California,White Collar,18.Aug.2017,"$10,304.04 ",married,tertiary,yes,yes,cellular,129,2,unknown,no,A01658
1659,Edwin  Malone,Female,33,California,Blue Collar,18.Aug.2017,"$28,978.12 ",married,primary,yes,no,cellular,147,2,other,no,A01659
1660,Trevor  Jones,Male,40,California,White Collar,18.Aug.2017,"$120,413.99 ",single,secondary,yes,no,unknown,299,1,unknown,no,A01660
1661,Patty  Thompson,Male,26,California,White Collar,18.Aug.2017,"$18,811.82 ",married,secondary,yes,no,unknown,543,12,unknown,no,A01661
1662,Jenny  Garcia,Male,46,Nevada,Blue Collar,18.Aug.2017,"$73,083.82 ",single,secondary,yes,no,cellular,247,1,unknown,no,A01662
1663,Bobbie  Ryan,Female,56,Nevada,Other,18.Aug.2017,"$37,987.78 ",married,primary,yes,no,unknown,166,2,unknown,no,A01663
1664,Billie  Chandler,Male,33,Nevada,Other,18.Aug.2017,"$97,921.93 ",divorced,primary,yes,no,unknown,755,1,unknown,yes,A01664
1665,Salvador  Bass,Female,43,Nevada,Other,18.Aug.2017,"$95,158.82 ",married,secondary,no,no,unknown,336,2,unknown,no,A01665
1666,Tiffany  May,Male,35,Oregon,White Collar,18.Aug.2017,"$14,126.25 ",married,secondary,yes,no,unknown,619,1,unknown,no,A01666
1667,Kyle  Carr,Female,56,California,White Collar,19.Aug.2017,"$1,486.60 ",married,tertiary,yes,no,cellular,159,2,failure,no,A01667
1668,Ellen  Weaver,Male,62,Nevada,Blue Collar,19.Aug.2017,"$27,889.58 ",married,secondary,yes,yes,unknown,29,3,unknown,no,A01668
1669,Edwin  Malone,Female,47,Nevada,Other,19.Aug.2017,"$72,041.24 ",married,secondary,yes,no,unknown,606,2,unknown,no,A01669
1670,Elvira  Bowman,Male,45,Nevada,Other,19.Aug.2017,"$104,191.40 ",married,tertiary,yes,no,cellular,971,2,unknown,no,A01670
1671,Brooke  Horton,Female,17,Oregon,Blue Collar,19.Aug.2017,"$145,685.61 ",single,secondary,yes,no,unknown,231,2,unknown,no,A01671
1672,Eddie  Green,Female,45,California,White Collar,20.Aug.2017,"$30,190.31 ",married,primary,yes,no,unknown,163,1,unknown,no,A01672
1673,Tiffany  May,Male,39,California,White Collar,20.Aug.2017,"$15,205.28 ",single,unknown,no,no,cellular,385,2,unknown,yes,A01673
1674,Willie  Vega,Female,46,California,White Collar,20.Aug.2017,"$10,450.78 ",single,secondary,no,no,telephone,119,2,unknown,no,A01674
1675,Joey  Wong,Female,42,California,Other,20.Aug.2017,"$29,400.69 ",single,tertiary,no,yes,cellular,348,1,unknown,no,A01675
1676,Ellen  Weaver,Female,27,California,Blue Collar,20.Aug.2017,"$48,227.22 ",married,primary,yes,no,unknown,30,1,unknown,no,A01676
1677,Sylvester  Morales,Female,56,Nevada,Other,20.Aug.2017,"$172,524.12 ",married,secondary,yes,no,cellular,249,2,failure,no,A01677
1678,Ivan  Adkins,Female,47,Nevada,Other,20.Aug.2017,"$15,925.78 ",married,tertiary,no,no,cellular,119,2,unknown,no,A01678
1679,Colleen  Warren,Male,61,Nevada,Blue Collar,20.Aug.2017,"$171,429.37 ",married,secondary,yes,no,cellular,177,1,unknown,no,A01679
1680,Colleen  Warren,Female,33,Wyoming,White Collar,20.Aug.2017,"$12,343.40 ",married,secondary,yes,no,unknown,110,5,unknown,no,A01680
1681,Cassandra  Franklin,Male,29,Wyoming,White Collar,20.Aug.2017,"$45,604.57 ",single,secondary,no,no,cellular,594,4,unknown,yes,A01681
1682,Robert  Munoz,Female,31,Oregon,Other,20.Aug.2017,"$46,138.85 ",married,unknown,no,no,cellular,105,1,unknown,no,A01682
1683,Rachel  Gomez,Female,24,Oregon,Other,20.Aug.2017,"$3,904.75 ",single,tertiary,no,no,cellular,123,1,unknown,no,A01683
1684,Bernadette  Page,Female,30,California,White Collar,21.Aug.2017,"$81,713.64 ",single,primary,yes,yes,cellular,172,4,unknown,no,A01684
1685,Brooke  Horton,Male,44,California,White Collar,21.Aug.2017,"$41,302.45 ",single,primary,yes,yes,cellular,178,1,unknown,no,A01685
1686,Jaime  Pearson,Male,36,California,Other,21.Aug.2017,"$110,485.87 ",married,secondary,yes,yes,cellular,230,1,unknown,no,A01686
1687,Cassandra  Franklin,Female,34,California,White Collar,21.Aug.2017,"$37,054.60 ",married,secondary,yes,no,unknown,89,3,unknown,no,A01687
1688,Allan  Ramos,Male,31,California,White Collar,21.Aug.2017,"$135,462.43 ",divorced,secondary,yes,no,unknown,118,4,unknown,no,A01688
1689,Woodrow  Colon,Female,32,California,White Collar,21.Aug.2017,"$129,686.24 ",married,secondary,yes,no,cellular,143,2,unknown,no,A01689
1690,Cecilia  Manning,Male,48,California,White Collar,21.Aug.2017,"$76,419.88 ",single,tertiary,yes,no,unknown,7,1,unknown,no,A01690
1691,Isabel  Cross,Female,33,California,White Collar,21.Aug.2017,"$7,289.07 ",single,secondary,yes,no,unknown,104,2,unknown,no,A01691
1692,Ernest  Davis,Male,58,Nevada,Blue Collar,21.Aug.2017,"$153,061.39 ",divorced,primary,no,yes,unknown,220,2,unknown,no,A01692
1693,Christina  Fuller,Male,48,Nevada,Blue Collar,21.Aug.2017,"$6,511.21 ",divorced,tertiary,no,no,unknown,85,2,unknown,no,A01693
1694,Christina  Fuller,Female,47,Nevada,Other,21.Aug.2017,"$96,924.07 ",single,secondary,no,no,cellular,91,3,unknown,yes,A01694
1695,Max  Rodgers,Female,55,Nevada,Other,21.Aug.2017,"$69,942.64 ",married,tertiary,yes,no,cellular,19,8,unknown,no,A01695
1696,Elvira  Bowman,Female,38,Wyoming,White Collar,21.Aug.2017,"$10,668.40 ",married,secondary,no,no,cellular,574,1,success,yes,A01696
1697,Don  Gonzales,Male,33,Wyoming,Other,21.Aug.2017,"$38,364.43 ",single,tertiary,yes,no,cellular,49,1,unknown,no,A01697
1698,Shari  Silva,Male,38,Wyoming,Blue Collar,21.Aug.2017,"$6,579.39 ",married,secondary,yes,yes,cellular,171,2,other,no,A01698
1699,Lula  Daniels,Female,33,Wyoming,Other,21.Aug.2017,"$111,310.43 ",single,tertiary,no,no,cellular,258,1,failure,yes,A01699
1700,Ben  Perez,Male,37,Wyoming,Blue Collar,21.Aug.2017,"$54,822.19 ",married,unknown,yes,no,cellular,41,2,unknown,no,A01700
1701,Cassandra  Franklin,Female,41,Oregon,White Collar,21.Aug.2017,"$85,338.73 ",married,tertiary,yes,no,cellular,83,1,unknown,no,A01701
1702,Felicia  Jennings,Female,52,California,Blue Collar,22.Aug.2017,"$40,758.72 ",single,secondary,no,no,telephone,95,1,unknown,no,A01702
1703,Eric  Rose,Male,29,California,Blue Collar,22.Aug.2017,"$95,300.22 ",divorced,secondary,yes,no,unknown,78,2,unknown,no,A01703
1704,Patty  Thompson,Female,28,California,White Collar,22.Aug.2017,"$32,596.79 ",divorced,secondary,yes,no,cellular,134,1,failure,no,A01704
1705,Robert  Munoz,Female,43,California,Other,22.Aug.2017,"$131,759.21 ",single,tertiary,yes,no,cellular,215,1,unknown,yes,A01705
1706,Cassandra  Franklin,Male,43,California,White Collar,22.Aug.2017,"$155,475.22 ",single,secondary,no,no,cellular,226,2,unknown,yes,A01706
1707,Brooke  Horton,Female,41,California,White Collar,22.Aug.2017,"$11,339.55 ",single,secondary,yes,no,cellular,1275,1,unknown,yes,A01707
1708,Brooke  Horton,Male,51,Nevada,Other,22.Aug.2017,"$31,313.55 ",married,secondary,no,yes,unknown,66,1,other,no,A01708
1709,Della  Jensen,Female,44,Nevada,Other,22.Aug.2017,"$33,970.07 ",married,tertiary,yes,no,cellular,196,3,unknown,no,A01709
1710,Carla  Mccormick,Male,50,Nevada,White Collar,22.Aug.2017,"$97,660.76 ",married,secondary,yes,no,cellular,229,2,unknown,yes,A01710
1711,Isabel  Cross,Male,34,Nevada,White Collar,22.Aug.2017,"$18,113.69 ",married,primary,yes,yes,unknown,241,2,unknown,no,A01711
1712,Edwin  Malone,Male,41,Nevada,Blue Collar,22.Aug.2017,"$58,581.40 ",single,tertiary,no,no,cellular,354,2,unknown,no,A01712
1713,Charlie  Wood,Male,34,California,Blue Collar,23.Aug.2017,"$31,627.15 ",single,secondary,yes,no,cellular,471,3,unknown,no,A01713
1714,Elaine  Ellis,Female,38,California,White Collar,23.Aug.2017,"$74,037.37 ",married,secondary,no,yes,cellular,90,2,failure,no,A01714
1715,Cassandra  Franklin,Male,32,California,Blue Collar,23.Aug.2017,"$15,281.61 ",married,primary,no,no,unknown,58,8,unknown,no,A01715
1716,Edwin  Malone,Male,23,California,White Collar,23.Aug.2017,"$98,566.37 ",married,secondary,yes,no,unknown,379,2,unknown,no,A01716
1717,Rachel  Gomez,Male,26,California,White Collar,23.Aug.2017,"$11,469.12 ",married,primary,no,no,unknown,12,5,unknown,no,A01717
1718,Marion  Glover,Female,41,California,White Collar,23.Aug.2017,"$29,910.37 ",single,tertiary,no,yes,cellular,67,1,unknown,no,A01718
1719,Ruben  Nunez,Female,30,California,Blue Collar,23.Aug.2017,"$169,450.88 ",married,primary,no,no,unknown,165,7,unknown,no,A01719
1720,Robert  Munoz,Female,25,California,Blue Collar,23.Aug.2017,"$71,411.91 ",married,secondary,yes,no,cellular,1032,3,failure,yes,A01720
1721,Joey  Wong,Male,34,California,Blue Collar,23.Aug.2017,"$116,926.94 ",single,secondary,yes,no,unknown,84,3,unknown,no,A01721
1722,Donna  Reid,Male,29,California,White Collar,23.Aug.2017,"$73,021.06 ",married,secondary,no,no,cellular,393,4,unknown,no,A01722
1723,Kyle  Carr,Female,28,California,White Collar,23.Aug.2017,"$18,036.04 ",married,secondary,yes,no,cellular,808,1,unknown,no,A01723
1724,Pauline  Beck,Male,36,California,Blue Collar,23.Aug.2017,"$5,508.48 ",married,primary,yes,no,unknown,923,3,unknown,no,A01724
1725,Christy  Olson,Male,46,California,White Collar,23.Aug.2017,"$7,292.79 ",divorced,secondary,no,no,cellular,63,6,unknown,no,A01725
1726,Cecilia  Manning,Male,37,California,Other,23.Aug.2017,"$9,836.21 ",single,secondary,no,no,cellular,274,1,unknown,no,A01726
1727,Cassandra  Franklin,Male,38,California,White Collar,23.Aug.2017,"$18,959.00 ",married,primary,yes,no,cellular,84,4,unknown,no,A01727
1728,Don  Gonzales,Female,29,California,White Collar,23.Aug.2017,"$66,186.00 ",married,tertiary,no,no,cellular,78,3,unknown,yes,A01728
1729,Isabel  Cross,Female,30,California,Other,23.Aug.2017,"$108,767.04 ",married,unknown,no,no,unknown,41,7,unknown,no,A01729
1730,Billie  Chandler,Male,30,California,Other,23.Aug.2017,"$18,874.90 ",single,secondary,yes,no,cellular,317,1,failure,yes,A01730
1731,Cassandra  Franklin,Female,38,California,White Collar,23.Aug.2017,"$12,058.34 ",married,tertiary,yes,no,cellular,138,1,unknown,no,A01731
1732,Bethany  Pena,Male,47,California,White Collar,23.Aug.2017,"$172,718.90 ",married,secondary,no,no,cellular,88,4,unknown,no,A01732
1733,Rachel  Gomez,Female,60,Nevada,Other,23.Aug.2017,"$3,770.16 ",married,primary,yes,no,unknown,413,2,unknown,no,A01733
1734,Jaime  Pearson,Male,46,Nevada,Other,23.Aug.2017,"$50,617.97 ",married,tertiary,yes,no,cellular,139,1,unknown,no,A01734
1735,Della  Jensen,Male,61,Nevada,Blue Collar,23.Aug.2017,"$11,927.19 ",married,primary,no,no,cellular,82,2,unknown,no,A01735
1736,Pauline  Beck,Female,59,Nevada,Other,23.Aug.2017,"$20,459.67 ",married,secondary,yes,no,cellular,12,6,unknown,no,A01736
1737,Kyle  Carr,Male,43,Nevada,Blue Collar,23.Aug.2017,"$119,684.94 ",single,secondary,yes,no,cellular,221,1,success,yes,A01737
1738,Andrew  Meyer,Male,53,Nevada,Blue Collar,23.Aug.2017,"$67,138.96 ",married,secondary,no,no,unknown,38,1,unknown,no,A01738
1739,Sandra  Floyd,Male,52,Nevada,Blue Collar,23.Aug.2017,"$70,474.94 ",divorced,tertiary,no,yes,cellular,661,1,unknown,no,A01739
1740,Brooke  Horton,Female,35,Wyoming,White Collar,23.Aug.2017,"$78,578.78 ",married,primary,no,no,telephone,388,1,unknown,yes,A01740
1741,Paulette  Spencer,Female,33,Wyoming,White Collar,23.Aug.2017,"$84,386.06 ",married,tertiary,yes,no,cellular,151,7,unknown,no,A01741
1742,Rachel  Gomez,Female,18,Wyoming,White Collar,23.Aug.2017,"$57,405.01 ",married,tertiary,no,no,cellular,140,8,unknown,no,A01742
1743,Colleen  Warren,Male,18,Wyoming,White Collar,23.Aug.2017,"$65,342.96 ",married,primary,no,no,cellular,124,1,unknown,no,A01743
1744,Max  Rodgers,Female,19,Wyoming,White Collar,23.Aug.2017,"$22,801.84 ",married,secondary,no,yes,cellular,200,1,unknown,no,A01744
1745,Nellie  Joseph,Female,34,Wyoming,Blue Collar,23.Aug.2017,"$73,453.55 ",single,secondary,no,no,cellular,101,3,unknown,no,A01745
1746,Bernadette  Page,Male,37,Wyoming,White Collar,23.Aug.2017,"$51,996.55 ",married,primary,no,yes,cellular,261,12,unknown,no,A01746
1747,Brooke  Horton,Male,44,Wyoming,White Collar,23.Aug.2017,"$12,130.72 ",single,tertiary,no,no,cellular,176,2,unknown,no,A01747
1748,Shari  Silva,Male,29,Wyoming,Other,23.Aug.2017,"$23,524.16 ",married,tertiary,yes,no,unknown,209,12,unknown,no,A01748
1749,Lula  Daniels,Female,41,Wyoming,White Collar,23.Aug.2017,"$17,913.54 ",married,secondary,yes,no,cellular,223,1,failure,yes,A01749
1750,Ruben  Nunez,Female,48,Wyoming,White Collar,23.Aug.2017,"$55,144.18 ",single,tertiary,yes,no,cellular,38,1,other,no,A01750
1751,Willie  Vega,Female,46,Wyoming,White Collar,23.Aug.2017,"$24,227.51 ",single,tertiary,no,no,telephone,541,1,failure,no,A01751
1752,Jaime  Pearson,Female,26,Oregon,Blue Collar,23.Aug.2017,"$98,504.55 ",divorced,secondary,yes,no,unknown,84,1,unknown,no,A01752
1753,Willie  Vega,Female,30,Oregon,Other,23.Aug.2017,"$77,597.13 ",married,tertiary,no,no,cellular,602,9,unknown,no,A01753
1754,Rachel  Gomez,Female,36,Oregon,White Collar,23.Aug.2017,"$56,554.39 ",married,secondary,no,no,cellular,26,11,unknown,no,A01754
1755,Salvador  Bass,Male,29,California,Other,24.Aug.2017,"$76,048.16 ",single,tertiary,no,no,cellular,328,2,success,yes,A01755
1756,Della  Jensen,Male,28,California,Other,24.Aug.2017,"$8,977.69 ",married,secondary,yes,no,unknown,762,3,unknown,yes,A01756
1757,Jaime  Pearson,Male,20,California,White Collar,24.Aug.2017,"$146,656.93 ",married,tertiary,yes,no,cellular,107,4,unknown,no,A01757
1758,Andrew  Meyer,Female,47,California,White Collar,24.Aug.2017,"$4,090.04 ",single,secondary,yes,no,unknown,46,5,unknown,no,A01758
1759,Cecilia  Manning,Male,38,California,White Collar,24.Aug.2017,"$73,390.94 ",married,primary,no,no,cellular,128,6,unknown,no,A01759
1760,Joey  Wong,Female,36,California,Other,24.Aug.2017,"$13,590.93 ",single,tertiary,yes,no,unknown,360,5,unknown,no,A01760
1761,Tiffany  May,Female,31,California,Blue Collar,24.Aug.2017,"$35,747.69 ",married,secondary,yes,no,cellular,524,1,success,yes,A01761
1762,Lorraine  Gibson,Male,50,Nevada,Blue Collar,24.Aug.2017,"$18,819.97 ",married,secondary,yes,yes,unknown,128,3,unknown,no,A01762
1763,Max  Rodgers,Male,54,Nevada,Other,24.Aug.2017,"$65,957.16 ",single,tertiary,no,no,cellular,310,2,other,no,A01763
1764,Lance  Yates,Male,57,Nevada,Blue Collar,24.Aug.2017,"$114,258.70 ",married,secondary,no,no,cellular,819,10,unknown,yes,A01764
1765,Max  Rodgers,Male,52,Nevada,Other,24.Aug.2017,"$56,442.33 ",single,secondary,no,no,cellular,202,1,failure,no,A01765
1766,Eddie  Green,Female,57,Nevada,Blue Collar,24.Aug.2017,"$47,497.73 ",single,secondary,no,no,unknown,144,2,unknown,no,A01766
1767,Shari  Silva,Male,41,Wyoming,Blue Collar,24.Aug.2017,"$83,944.93 ",married,secondary,yes,no,cellular,311,1,unknown,no,A01767
1768,Woodrow  Colon,Female,29,Oregon,Other,24.Aug.2017,"$48,444.40 ",single,tertiary,yes,no,cellular,415,4,failure,yes,A01768
1769,Della  Jensen,Female,28,Oregon,Other,24.Aug.2017,"$38,124.03 ",single,secondary,yes,no,unknown,93,8,unknown,no,A01769
1770,Brooke  Horton,Male,26,California,Other,25.Aug.2017,"$87,992.25 ",married,unknown,yes,no,unknown,101,1,unknown,no,A01770
1771,Robert  Munoz,Male,27,California,White Collar,25.Aug.2017,"$2,068.88 ",single,secondary,yes,no,unknown,72,1,unknown,no,A01771
1772,Max  Rodgers,Female,37,California,Other,25.Aug.2017,"$47,320.96 ",married,tertiary,yes,no,cellular,282,1,unknown,no,A01772
1773,Guillermo  Potter,Female,47,California,White Collar,25.Aug.2017,"$112,434.94 ",married,tertiary,yes,no,unknown,210,2,unknown,no,A01773
1774,Cassandra  Franklin,Male,34,California,White Collar,25.Aug.2017,"$65,178.70 ",married,unknown,no,no,cellular,369,1,unknown,no,A01774
1775,Colleen  Warren,Male,51,Nevada,Blue Collar,25.Aug.2017,"$58,007.25 ",single,tertiary,no,no,cellular,125,6,unknown,no,A01775
1776,Felicia  Jennings,Male,52,Nevada,Blue Collar,25.Aug.2017,"$4,168.39 ",married,tertiary,no,no,unknown,301,6,unknown,no,A01776
1777,Ivan  Adkins,Female,49,Nevada,White Collar,25.Aug.2017,"$59,032.34 ",married,secondary,no,no,cellular,14,14,unknown,no,A01777
1778,Rachel  Gomez,Female,36,Nevada,Other,25.Aug.2017,"$50,173.27 ",married,unknown,yes,no,unknown,57,3,unknown,no,A01778
1779,Shari  Silva,Female,37,Wyoming,White Collar,25.Aug.2017,"$155,843.48 ",married,tertiary,no,no,cellular,420,1,unknown,no,A01779
1780,Elbert  Klein,Female,36,Wyoming,White Collar,25.Aug.2017,"$56,095.90 ",single,tertiary,yes,no,cellular,638,1,success,no,A01780
1781,Joey  Wong,Female,23,Oregon,Other,25.Aug.2017,"$122,728.52 ",divorced,tertiary,no,no,unknown,137,2,unknown,no,A01781
1782,Cassandra  Franklin,Male,34,California,Other,26.Aug.2017,"$40,371.00 ",married,tertiary,no,no,cellular,557,7,unknown,no,A01782
1783,Brooke  Horton,Male,31,California,White Collar,26.Aug.2017,"$18,995.97 ",single,secondary,yes,no,unknown,66,2,unknown,no,A01783
1784,Nellie  Joseph,Male,28,California,White Collar,26.Aug.2017,"$123,674.24 ",married,tertiary,yes,no,unknown,206,1,unknown,no,A01784
1785,Della  Jensen,Female,29,California,Other,26.Aug.2017,"$41,317.52 ",married,secondary,yes,no,unknown,19,14,unknown,no,A01785
1786,Ruben  Nunez,Female,28,California,White Collar,26.Aug.2017,"$212,628.18 ",married,secondary,no,no,cellular,166,2,unknown,no,A01786
1787,Jenny  Garcia,Male,28,California,White Collar,26.Aug.2017,"$69,793.21 ",single,secondary,yes,no,cellular,102,1,failure,no,A01787
1788,Della  Jensen,Male,28,California,Blue Collar,26.Aug.2017,"$52,213.97 ",married,tertiary,yes,no,unknown,46,2,unknown,no,A01788
1789,Elbert  Klein,Female,39,California,Other,26.Aug.2017,"$26,888.24 ",married,secondary,yes,no,unknown,126,1,unknown,no,A01789
1790,Eddie  Green,Female,40,California,White Collar,26.Aug.2017,"$91,661.76 ",married,secondary,yes,no,unknown,161,1,unknown,no,A01790
1791,Mable  Lindsey,Male,42,Nevada,Blue Collar,26.Aug.2017,"$55,030.18 ",married,secondary,yes,no,cellular,355,1,unknown,no,A01791
1792,Christy  Olson,Female,53,Nevada,Other,26.Aug.2017,"$56,124.24 ",married,secondary,yes,no,unknown,40,2,unknown,no,A01792
1793,Ruben  Nunez,Male,35,Wyoming,White Collar,26.Aug.2017,"$30,952.27 ",married,primary,yes,no,cellular,143,1,unknown,no,A01793
1794,Sandra  Floyd,Male,27,Oregon,Blue Collar,26.Aug.2017,"$9,589.76 ",divorced,secondary,yes,yes,cellular,133,2,unknown,no,A01794
1795,Beth  Tucker,Female,37,Oregon,White Collar,26.Aug.2017,"$32,571.39 ",divorced,secondary,yes,yes,unknown,185,2,unknown,no,A01795
1796,Lula  Daniels,Male,36,California,Blue Collar,27.Aug.2017,"$17,526.43 ",single,secondary,no,no,unknown,22,12,unknown,no,A01796
1797,Max  Rodgers,Male,44,California,White Collar,27.Aug.2017,"$4,053.43 ",married,secondary,no,no,cellular,184,7,unknown,no,A01797
1798,Ruben  Nunez,Male,25,California,White Collar,27.Aug.2017,"$16,694.96 ",single,secondary,no,no,cellular,78,2,unknown,no,A01798
1799,Trevor  Jones,Male,39,California,White Collar,27.Aug.2017,"$26,021.06 ",married,tertiary,no,no,cellular,125,4,unknown,no,A01799
1800,Drew  Rogers,Male,27,California,Blue Collar,27.Aug.2017,"$7,490.54 ",married,tertiary,no,no,unknown,189,2,unknown,no,A01800
1801,Felicia  Jennings,Male,34,California,White Collar,27.Aug.2017,"$86,438.15 ",married,tertiary,yes,no,unknown,300,1,unknown,no,A01801
1802,Lorraine  Gibson,Female,41,California,Blue Collar,27.Aug.2017,"$64,623.04 ",married,secondary,yes,no,unknown,396,1,unknown,no,A01802
1803,Don  Gonzales,Female,29,California,White Collar,27.Aug.2017,"$32,054.43 ",single,secondary,yes,no,unknown,340,3,unknown,no,A01803
1804,Christy  Olson,Female,38,California,White Collar,27.Aug.2017,"$63,903.24 ",single,secondary,yes,no,telephone,55,2,unknown,no,A01804
1805,Herman  Williams,Male,33,California,Other,27.Aug.2017,"$20,448.39 ",married,secondary,yes,no,cellular,238,6,unknown,no,A01805
1806,Dan  Peterson,Male,35,California,Other,27.Aug.2017,"$166,285.22 ",married,tertiary,no,no,cellular,172,3,failure,no,A01806
1807,Tracy  Reed,Female,54,Nevada,Other,27.Aug.2017,"$25,485.82 ",married,tertiary,no,no,unknown,36,3,unknown,no,A01807
1808,Salvador  Bass,Female,47,Nevada,White Collar,27.Aug.2017,"$22,912.94 ",married,tertiary,no,no,cellular,303,2,unknown,no,A01808
1809,Beth  Tucker,Female,54,Nevada,Other,27.Aug.2017,"$55,236.60 ",married,secondary,no,no,cellular,417,3,unknown,no,A01809
1810,Ellen  Weaver,Male,33,Nevada,Other,27.Aug.2017,"$56,345.31 ",married,unknown,yes,no,unknown,162,3,unknown,no,A01810
1811,Elbert  Klein,Male,53,Nevada,Other,27.Aug.2017,"$109,636.93 ",married,secondary,yes,no,cellular,10,9,failure,no,A01811
1812,Rachel  Gomez,Male,36,Wyoming,White Collar,27.Aug.2017,"$157,371.07 ",single,secondary,yes,no,cellular,99,1,unknown,no,A01812
1813,Woodrow  Colon,Male,39,Wyoming,White Collar,27.Aug.2017,"$48,402.67 ",divorced,secondary,no,no,unknown,32,3,unknown,no,A01813
1814,Isabel  Cross,Female,32,Oregon,White Collar,27.Aug.2017,"$67,550.43 ",married,tertiary,yes,no,cellular,308,3,unknown,no,A01814
1815,Trevor  Jones,Female,35,Oregon,Blue Collar,27.Aug.2017,"$26,785.30 ",married,tertiary,no,no,cellular,298,3,unknown,no,A01815
1816,Cecilia  Manning,Female,25,Oregon,Other,27.Aug.2017,"$44,244.27 ",married,secondary,no,no,cellular,92,4,unknown,no,A01816
1817,Cindy  Becker,Male,35,Oregon,White Collar,27.Aug.2017,"$39,268.79 ",married,secondary,no,yes,cellular,288,12,unknown,no,A01817
1818,Salvador  Bass,Male,33,Oregon,White Collar,27.Aug.2017,"$30,016.40 ",married,secondary,yes,no,cellular,130,1,other,no,A01818
1819,Jenny  Garcia,Male,38,California,Other,28.Aug.2017,"$74,043.96 ",married,secondary,yes,no,cellular,255,2,unknown,no,A01819
1820,Robert  Munoz,Male,27,California,White Collar,28.Aug.2017,"$58,947.76 ",divorced,secondary,yes,yes,cellular,167,5,unknown,no,A01820
1821,Elbert  Klein,Female,29,California,White Collar,28.Aug.2017,"$144,286.75 ",married,secondary,yes,no,cellular,64,3,other,no,A01821
1822,Cindy  Becker,Female,38,California,Other,28.Aug.2017,"$77,939.00 ",married,unknown,no,yes,cellular,166,2,unknown,no,A01822
1823,Max  Rodgers,Female,34,California,White Collar,28.Aug.2017,"$223,408.07 ",married,tertiary,no,no,cellular,657,7,unknown,yes,A01823
1824,Edwin  Malone,Male,35,California,Other,28.Aug.2017,"$30,998.64 ",divorced,secondary,yes,yes,unknown,434,4,unknown,no,A01824
1825,Don  Gonzales,Male,34,California,White Collar,28.Aug.2017,"$38,729.82 ",single,secondary,no,no,cellular,75,1,unknown,no,A01825
1826,Nellie  Joseph,Male,62,Nevada,Other,28.Aug.2017,"$114,689.42 ",married,primary,no,no,telephone,40,1,unknown,no,A01826
1827,Rachel  Gomez,Male,47,Nevada,Blue Collar,28.Aug.2017,"$123,986.52 ",married,secondary,no,no,cellular,398,2,unknown,no,A01827
1828,Trevor  Jones,Female,59,Nevada,Blue Collar,28.Aug.2017,"$21,743.63 ",married,tertiary,yes,no,cellular,163,2,failure,no,A01828
1829,Max  Rodgers,Female,52,Nevada,Other,28.Aug.2017,"$73,439.18 ",married,secondary,yes,yes,cellular,137,8,unknown,no,A01829
1830,Paulette  Spencer,Male,29,Wyoming,White Collar,28.Aug.2017,"$95,807.30 ",married,secondary,yes,no,unknown,257,3,unknown,no,A01830
1831,Paulette  Spencer,Female,34,California,White Collar,29.Aug.2017,"$78,659.09 ",single,secondary,yes,no,cellular,231,2,failure,no,A01831
1832,Sandra  Floyd,Female,36,California,Other,29.Aug.2017,"$15,009.03 ",single,tertiary,no,yes,unknown,192,1,unknown,no,A01832
1833,Nellie  Joseph,Male,27,California,White Collar,29.Aug.2017,"$47,218.43 ",divorced,secondary,no,yes,cellular,186,1,unknown,no,A01833
1834,Max  Rodgers,Female,37,California,White Collar,29.Aug.2017,"$10,976.51 ",married,primary,yes,no,cellular,226,1,other,no,A01834
1835,Charlie  Wood,Female,41,California,White Collar,29.Aug.2017,"$27,976.76 ",married,tertiary,yes,no,cellular,67,1,unknown,no,A01835
1836,Shari  Silva,Male,58,Nevada,Other,29.Aug.2017,"$16,093.49 ",married,tertiary,no,no,cellular,205,2,unknown,no,A01836
1837,Trevor  Jones,Male,53,Nevada,White Collar,29.Aug.2017,"$64,441.01 ",single,primary,yes,no,cellular,14,1,unknown,no,A01837
1838,Charlie  Wood,Male,24,Nevada,Other,29.Aug.2017,"$15,476.06 ",divorced,tertiary,no,no,cellular,488,1,unknown,yes,A01838
1839,Max  Rodgers,Female,38,Wyoming,White Collar,29.Aug.2017,"$34,787.22 ",married,secondary,yes,no,unknown,50,3,unknown,no,A01839
1840,Rachel  Gomez,Female,34,Wyoming,White Collar,29.Aug.2017,"$146,169.49 ",married,primary,no,no,cellular,312,1,unknown,no,A01840
1841,Sonya  Mullins,Female,32,Wyoming,Blue Collar,29.Aug.2017,"$49,561.64 ",divorced,secondary,yes,no,cellular,163,3,unknown,no,A01841
1842,Iris  Underwood,Female,29,Wyoming,White Collar,29.Aug.2017,"$37,385.12 ",single,secondary,yes,no,unknown,76,2,unknown,no,A01842
1843,Salvador  Bass,Male,33,Wyoming,Other,29.Aug.2017,"$143,033.51 ",divorced,primary,no,no,cellular,150,1,unknown,no,A01843
1844,Elvira  Bowman,Male,35,Wyoming,Other,29.Aug.2017,"$117,543.31 ",married,secondary,yes,no,cellular,244,2,unknown,no,A01844
1845,Cindy  Becker,Female,45,Oregon,Other,29.Aug.2017,"$132,206.30 ",married,tertiary,no,no,cellular,207,1,unknown,yes,A01845
1846,Jenny  Garcia,Female,30,California,White Collar,30.Aug.2017,"$67,949.40 ",single,secondary,yes,yes,cellular,113,1,unknown,no,A01846
1847,Jenny  Garcia,Female,31,California,White Collar,30.Aug.2017,"$66,530.79 ",married,secondary,yes,no,cellular,1309,4,unknown,yes,A01847
1848,Max  Rodgers,Female,29,California,White Collar,30.Aug.2017,"$80,855.82 ",single,secondary,no,no,cellular,72,6,unknown,no,A01848
1849,Herman  Williams,Male,33,California,Other,30.Aug.2017,"$64,884.55 ",married,primary,yes,no,cellular,551,1,failure,no,A01849
1850,Salvador  Bass,Female,32,California,White Collar,30.Aug.2017,"$77,981.04 ",married,tertiary,no,no,unknown,163,3,unknown,no,A01850
1851,Tiffany  May,Male,30,California,White Collar,30.Aug.2017,"$52,057.88 ",divorced,tertiary,yes,no,cellular,179,10,unknown,no,A01851
1852,Trevor  Jones,Male,31,California,White Collar,30.Aug.2017,"$87,926.01 ",married,primary,yes,no,cellular,217,2,unknown,no,A01852
1853,Iris  Underwood,Male,33,California,White Collar,30.Aug.2017,"$143,912.57 ",married,secondary,yes,no,unknown,88,1,unknown,no,A01853
1854,Isabel  Cross,Female,30,California,White Collar,30.Aug.2017,"$85,571.31 ",single,secondary,yes,yes,unknown,21,1,unknown,no,A01854
1855,Edwin  Malone,Female,27,Wyoming,Other,30.Aug.2017,"$60,980.28 ",single,tertiary,no,no,cellular,142,1,unknown,yes,A01855
1856,Isabel  Cross,Female,30,Wyoming,White Collar,30.Aug.2017,"$103,211.85 ",single,secondary,no,no,cellular,1056,1,unknown,no,A01856
1857,Elvira  Bowman,Female,47,Wyoming,White Collar,30.Aug.2017,"$5,730.66 ",divorced,tertiary,yes,no,cellular,72,1,other,no,A01857
1858,Salvador  Bass,Male,57,Wyoming,Other,30.Aug.2017,"$103,403.96 ",married,secondary,yes,no,unknown,411,1,unknown,no,A01858
1859,Willie  Vega,Female,35,California,White Collar,31.Aug.2017,"$7,088.43 ",married,secondary,yes,no,unknown,145,1,unknown,no,A01859
1860,Brooke  Horton,Male,40,California,White Collar,31.Aug.2017,"$123,377.69 ",married,secondary,yes,no,cellular,80,2,unknown,no,A01860
1861,Jenny  Garcia,Male,26,California,Other,31.Aug.2017,"$86,003.87 ",married,secondary,yes,no,unknown,344,1,unknown,no,A01861
1862,Mable  Lindsey,Male,35,California,White Collar,31.Aug.2017,"$29,372.66 ",single,secondary,yes,no,cellular,128,1,unknown,no,A01862
1863,Jaime  Pearson,Female,36,California,White Collar,31.Aug.2017,"$3,829.52 ",married,secondary,yes,no,cellular,412,1,success,yes,A01863
1864,Herman  Williams,Female,28,California,White Collar,31.Aug.2017,"$31,184.82 ",single,secondary,yes,yes,cellular,908,3,other,no,A01864
1865,Drew  Rogers,Female,36,California,White Collar,31.Aug.2017,"$91,527.90 ",married,secondary,yes,no,cellular,819,4,unknown,no,A01865
1866,Don  Gonzales,Male,40,Nevada,Blue Collar,31.Aug.2017,"$148,661.78 ",married,tertiary,no,no,cellular,210,2,unknown,no,A01866
1867,Sylvester  Morales,Male,48,Nevada,White Collar,31.Aug.2017,"$82,700.10 ",married,secondary,no,no,telephone,165,3,other,no,A01867
1868,Rachel  Gomez,Female,48,Nevada,Other,31.Aug.2017,"$59,528.04 ",married,secondary,no,no,cellular,118,8,unknown,no,A01868
1869,Joey  Wong,Male,59,Nevada,Other,31.Aug.2017,"$74,907.87 ",married,primary,yes,yes,cellular,159,1,failure,no,A01869
1870,Shari  Silva,Male,55,Nevada,Blue Collar,31.Aug.2017,"$107,157.75 ",married,tertiary,no,yes,cellular,618,1,unknown,no,A01870
1871,Max  Rodgers,Male,46,Nevada,Other,31.Aug.2017,"$25,136.90 ",single,unknown,no,no,cellular,102,2,other,no,A01871
1872,Isabel  Cross,Male,23,Wyoming,Blue Collar,31.Aug.2017,"$101,766.06 ",divorced,secondary,yes,no,cellular,89,1,failure,no,A01872
1873,Della  Jensen,Female,26,Wyoming,Other,31.Aug.2017,"$46,309.51 ",married,secondary,no,no,cellular,401,2,unknown,yes,A01873
1874,Cassandra  Franklin,Male,42,Wyoming,White Collar,31.Aug.2017,"$120,777.76 ",married,primary,no,no,cellular,200,3,unknown,no,A01874
1875,Patty  Thompson,Male,40,California,Blue Collar,01.Sep.2017,"$56,435.43 ",married,unknown,yes,no,cellular,152,5,unknown,no,A01875
1876,Nellie  Joseph,Male,46,California,White Collar,01.Sep.2017,"$70,684.84 ",single,secondary,no,no,cellular,203,1,failure,no,A01876
1877,Ernest  Davis,Female,41,California,White Collar,01.Sep.2017,"$37,203.28 ",single,primary,yes,no,cellular,827,2,unknown,yes,A01877
1878,Herman  Williams,Female,31,California,Blue Collar,01.Sep.2017,"$57,281.51 ",married,secondary,yes,no,unknown,735,1,unknown,no,A01878
1879,Don  Gonzales,Female,37,California,Blue Collar,01.Sep.2017,"$110,802.75 ",single,secondary,yes,yes,unknown,185,6,unknown,no,A01879
1880,Salvador  Bass,Male,36,California,White Collar,01.Sep.2017,"$21,938.34 ",married,secondary,no,no,unknown,149,1,unknown,no,A01880
1881,Joey  Wong,Female,44,California,Other,01.Sep.2017,"$78,535.57 ",married,tertiary,no,yes,cellular,303,2,unknown,no,A01881
1882,Peter  Hodges,Male,19,California,White Collar,01.Sep.2017,"$113,302.78 ",married,tertiary,yes,no,unknown,71,2,unknown,no,A01882
1883,Sandra  Floyd,Male,25,California,White Collar,01.Sep.2017,"$116,446.72 ",single,secondary,yes,no,cellular,445,2,failure,no,A01883
1884,Edwin  Malone,Female,44,Nevada,Other,01.Sep.2017,"$4,176.54 ",single,secondary,yes,no,cellular,232,2,unknown,no,A01884
1885,Tracy  Reed,Male,32,Wyoming,White Collar,01.Sep.2017,"$16,010.64 ",married,secondary,yes,no,cellular,144,5,failure,no,A01885
1886,Carla  Mccormick,Female,34,Wyoming,White Collar,01.Sep.2017,"$74,415.96 ",married,tertiary,no,no,cellular,209,2,unknown,no,A01886
1887,Mable  Lindsey,Male,40,California,White Collar,02.Sep.2017,"$159,894.76 ",divorced,secondary,yes,no,cellular,691,2,failure,yes,A01887
1888,Felicia  Jennings,Female,33,California,White Collar,02.Sep.2017,"$21,343.94 ",married,unknown,yes,no,unknown,415,1,unknown,no,A01888
1889,Max  Rodgers,Female,34,California,White Collar,02.Sep.2017,"$160,224.63 ",single,secondary,yes,no,cellular,273,5,unknown,no,A01889
1890,Woodrow  Colon,Female,62,Nevada,Other,02.Sep.2017,"$129,268.28 ",married,tertiary,no,no,telephone,376,2,unknown,yes,A01890
1891,Marion  Glover,Male,47,Nevada,Blue Collar,02.Sep.2017,"$88,896.22 ",married,secondary,yes,no,cellular,37,10,unknown,no,A01891
1892,Paulette  Spencer,Male,41,Nevada,Blue Collar,02.Sep.2017,"$52,216.07 ",single,tertiary,yes,yes,cellular,148,2,unknown,no,A01892
1893,Joey  Wong,Female,35,Wyoming,Blue Collar,02.Sep.2017,"$62,562.37 ",married,secondary,no,no,cellular,57,2,unknown,no,A01893
1894,Della  Jensen,Female,34,California,White Collar,03.Sep.2017,"$142,420.91 ",divorced,secondary,yes,no,unknown,461,3,unknown,no,A01894
1895,Pauline  Beck,Female,39,California,Blue Collar,03.Sep.2017,"$80,664.09 ",married,unknown,no,no,unknown,198,6,unknown,no,A01895
1896,Mable  Lindsey,Male,33,California,White Collar,03.Sep.2017,"$35,856.91 ",single,secondary,no,no,cellular,327,4,unknown,no,A01896
1897,Elbert  Klein,Male,36,California,White Collar,03.Sep.2017,"$14,596.72 ",single,tertiary,no,no,cellular,669,6,unknown,no,A01897
1898,Mable  Lindsey,Male,32,California,White Collar,03.Sep.2017,"$47,283.81 ",married,tertiary,no,no,cellular,165,1,unknown,no,A01898
1899,Bernadette  Page,Female,24,California,White Collar,03.Sep.2017,"$106,190.72 ",married,tertiary,no,no,cellular,58,2,unknown,no,A01899
1900,Joey  Wong,Male,50,Nevada,Other,03.Sep.2017,"$101,411.27 ",single,tertiary,no,no,cellular,1473,1,unknown,yes,A01900
1901,Sandra  Floyd,Male,50,Nevada,Other,03.Sep.2017,"$9,551.90 ",single,unknown,no,no,cellular,123,3,unknown,no,A01901
1902,Shari  Silva,Male,60,Nevada,Blue Collar,03.Sep.2017,"$10,389.07 ",single,tertiary,yes,no,unknown,289,1,unknown,no,A01902
1903,Don  Gonzales,Male,43,Nevada,Blue Collar,03.Sep.2017,"$125,287.40 ",single,secondary,no,yes,cellular,239,5,unknown,no,A01903
1904,Herman  Williams,Female,50,Nevada,Other,03.Sep.2017,"$72,038.46 ",married,secondary,no,no,cellular,1386,1,unknown,no,A01904
1905,Mable  Lindsey,Female,59,Nevada,Other,03.Sep.2017,"$149,207.94 ",single,tertiary,no,no,cellular,294,2,other,yes,A01905
1906,Marian  Hill,Female,28,Oregon,Other,03.Sep.2017,"$46,495.75 ",married,tertiary,yes,no,cellular,910,2,success,yes,A01906
1907,Isabel  Cross,Male,43,California,White Collar,04.Sep.2017,"$9,738.27 ",divorced,primary,yes,no,unknown,550,7,unknown,no,A01907
1908,Salvador  Bass,Male,33,California,White Collar,04.Sep.2017,"$1,017.88 ",divorced,tertiary,yes,no,cellular,75,1,unknown,no,A01908
1909,Johanna  Boone,Female,36,California,White Collar,04.Sep.2017,"$35,445.97 ",single,secondary,yes,yes,unknown,100,3,unknown,no,A01909
1910,Drew  Rogers,Female,38,California,White Collar,04.Sep.2017,"$47,642.72 ",married,tertiary,no,no,cellular,204,4,unknown,no,A01910
1911,Della  Jensen,Female,55,Nevada,Other,04.Sep.2017,"$102,780.81 ",married,secondary,yes,no,cellular,155,1,failure,no,A01911
1912,Elaine  Ellis,Female,49,Nevada,Other,04.Sep.2017,"$47,022.10 ",married,secondary,yes,no,unknown,46,3,unknown,no,A01912
1913,Bobbie  Ryan,Female,33,Wyoming,White Collar,04.Sep.2017,"$33,244.55 ",married,secondary,no,no,telephone,1366,1,failure,no,A01913
1914,Joey  Wong,Male,23,California,White Collar,05.Sep.2017,"$58,008.78 ",married,primary,no,no,cellular,609,2,unknown,yes,A01914
1915,Fernando  Rowe,Female,24,California,Other,05.Sep.2017,"$4,686.36 ",single,tertiary,no,yes,cellular,1532,2,unknown,yes,A01915
1916,Della  Jensen,Male,37,California,White Collar,05.Sep.2017,"$50,362.88 ",single,tertiary,no,no,cellular,226,1,other,yes,A01916
1917,Ellen  Weaver,Male,22,California,Blue Collar,05.Sep.2017,"$55,024.39 ",married,tertiary,yes,no,cellular,168,1,unknown,no,A01917
1918,Ruben  Nunez,Male,32,California,White Collar,05.Sep.2017,"$28,964.43 ",married,primary,yes,no,cellular,352,1,unknown,yes,A01918
1919,Salvador  Bass,Female,29,California,White Collar,05.Sep.2017,"$60,159.57 ",married,secondary,yes,no,cellular,335,6,unknown,no,A01919
1920,Bobbie  Ryan,Male,39,California,Blue Collar,05.Sep.2017,"$116,064.39 ",married,tertiary,yes,yes,cellular,74,1,unknown,no,A01920
1921,Paulette  Spencer,Female,31,California,White Collar,05.Sep.2017,"$24,465.36 ",married,tertiary,yes,no,cellular,85,1,unknown,no,A01921
1922,Shari  Silva,Male,33,California,Blue Collar,05.Sep.2017,"$75,977.34 ",married,secondary,yes,no,unknown,117,1,unknown,no,A01922
1923,Max  Rodgers,Female,44,California,White Collar,05.Sep.2017,"$2,397.97 ",single,secondary,yes,yes,cellular,184,1,unknown,no,A01923
1924,Drew  Rogers,Female,57,Nevada,Other,05.Sep.2017,"$30,620.79 ",married,secondary,no,no,cellular,72,3,unknown,no,A01924
1925,Eric  Rose,Female,31,Wyoming,Other,05.Sep.2017,"$11,254.24 ",divorced,secondary,yes,no,unknown,171,1,unknown,no,A01925
1926,Sandra  Floyd,Male,41,Wyoming,White Collar,05.Sep.2017,"$41,237.12 ",married,secondary,yes,no,telephone,44,8,unknown,no,A01926
1927,Robert  Munoz,Female,32,Oregon,Other,05.Sep.2017,"$71,857.48 ",single,secondary,no,no,cellular,336,2,unknown,no,A01927
1928,Elbert  Klein,Female,35,California,White Collar,06.Sep.2017,"$67,371.03 ",married,primary,no,no,cellular,93,5,unknown,yes,A01928
1929,Robert  Munoz,Female,37,California,White Collar,06.Sep.2017,"$70,256.24 ",single,primary,no,no,cellular,332,1,failure,yes,A01929
1930,Sylvester  Morales,Male,38,California,White Collar,06.Sep.2017,"$32,484.01 ",single,tertiary,no,no,cellular,398,1,unknown,no,A01930
1931,Sandra  Floyd,Female,21,California,White Collar,06.Sep.2017,"$38,042.00 ",married,secondary,yes,yes,unknown,86,2,unknown,no,A01931
1932,Lee  Mack,Male,37,California,Other,06.Sep.2017,"$47,854.88 ",married,secondary,no,yes,cellular,45,2,unknown,no,A01932
1933,Arturo  Francis,Male,33,California,White Collar,06.Sep.2017,"$28,796.09 ",married,secondary,yes,no,unknown,110,2,unknown,no,A01933
1934,Jenny  Garcia,Male,61,Nevada,Blue Collar,06.Sep.2017,"$84,788.46 ",married,primary,yes,yes,telephone,152,3,failure,no,A01934
1935,Della  Jensen,Male,52,Nevada,Other,06.Sep.2017,"$113,047.90 ",single,secondary,yes,no,cellular,356,4,unknown,yes,A01935
1936,Drew  Rogers,Female,49,Nevada,White Collar,06.Sep.2017,"$4,467.55 ",married,secondary,no,no,unknown,382,3,unknown,no,A01936
1937,Billie  Chandler,Male,34,Nevada,Other,06.Sep.2017,"$102,387.93 ",single,tertiary,no,no,cellular,233,1,unknown,no,A01937
1938,Johanna  Boone,Female,42,Nevada,Other,06.Sep.2017,"$58,067.12 ",single,secondary,yes,no,unknown,87,1,unknown,no,A01938
1939,Salvador  Bass,Male,21,Oregon,White Collar,06.Sep.2017,"$15,294.93 ",divorced,secondary,yes,yes,unknown,387,2,unknown,no,A01939
1940,Cassandra  Franklin,Male,31,California,White Collar,07.Sep.2017,"$25,962.60 ",married,secondary,yes,no,cellular,103,1,unknown,no,A01940
1941,Johanna  Boone,Female,41,California,White Collar,07.Sep.2017,"$89,655.06 ",single,secondary,no,no,cellular,378,1,unknown,yes,A01941
1942,Lee  Mack,Male,50,California,White Collar,07.Sep.2017,"$3,685.87 ",married,primary,no,no,unknown,257,2,unknown,no,A01942
1943,Max  Rodgers,Male,36,California,White Collar,07.Sep.2017,"$12,440.27 ",married,tertiary,no,no,cellular,282,1,unknown,no,A01943
1944,Lee  Mack,Female,23,California,White Collar,07.Sep.2017,"$25,741.36 ",divorced,secondary,no,no,unknown,176,1,unknown,no,A01944
1945,Herman  Williams,Male,41,California,Blue Collar,07.Sep.2017,"$133,381.40 ",married,secondary,yes,no,cellular,24,6,unknown,no,A01945
1946,Cassandra  Franklin,Male,40,California,Blue Collar,07.Sep.2017,"$7,620.70 ",single,secondary,yes,no,cellular,766,3,unknown,no,A01946
1947,Trevor  Jones,Female,37,California,White Collar,07.Sep.2017,"$63,786.33 ",divorced,secondary,yes,no,cellular,955,2,unknown,yes,A01947
1948,Elaine  Ellis,Male,31,California,White Collar,07.Sep.2017,"$104,709.21 ",married,secondary,yes,no,cellular,426,3,unknown,no,A01948
1949,Blake  Bridges,Male,29,California,White Collar,07.Sep.2017,"$56,923.45 ",single,tertiary,yes,no,unknown,244,2,unknown,no,A01949
1950,Rachel  Gomez,Male,37,Nevada,Blue Collar,07.Sep.2017,"$27,209.57 ",married,tertiary,no,no,telephone,136,1,unknown,no,A01950
1951,Rachel  Gomez,Male,54,Nevada,Blue Collar,07.Sep.2017,"$17,254.39 ",married,primary,no,no,cellular,172,1,unknown,no,A01951
1952,Isabel  Cross,Female,33,Wyoming,White Collar,07.Sep.2017,"$47,919.24 ",single,tertiary,yes,no,cellular,93,1,failure,no,A01952
1953,Cecilia  Manning,Female,43,Wyoming,White Collar,07.Sep.2017,"$117,117.52 ",divorced,secondary,yes,yes,telephone,300,6,success,yes,A01953
1954,Rachel  Gomez,Female,35,Wyoming,White Collar,07.Sep.2017,"$66,325.30 ",single,tertiary,no,no,cellular,118,4,failure,no,A01954
1955,Blake  Bridges,Female,41,Wyoming,Blue Collar,07.Sep.2017,"$46,002.33 ",married,primary,no,no,unknown,191,2,unknown,no,A01955
1956,Joey  Wong,Female,24,Wyoming,White Collar,07.Sep.2017,"$83,470.85 ",divorced,tertiary,yes,yes,unknown,107,2,unknown,no,A01956
1957,Marian  Hill,Male,33,Oregon,Other,07.Sep.2017,"$42,807.18 ",married,primary,no,no,telephone,513,2,failure,no,A01957
1958,Christy  Olson,Female,41,California,Blue Collar,08.Sep.2017,"$158,062.19 ",single,tertiary,yes,yes,unknown,91,18,unknown,no,A01958
1959,Eric  Rose,Male,39,California,Other,08.Sep.2017,"$30,428.94 ",single,secondary,yes,yes,cellular,76,4,unknown,no,A01959
1960,Christy  Olson,Female,31,California,White Collar,08.Sep.2017,"$195,098.85 ",married,secondary,yes,no,unknown,1236,2,unknown,no,A01960
1961,Jaime  Pearson,Male,34,California,Other,08.Sep.2017,"$11,703.91 ",married,primary,yes,no,unknown,193,5,unknown,no,A01961
1962,Peter  Hodges,Male,48,California,White Collar,08.Sep.2017,"$121,915.96 ",married,primary,yes,no,unknown,324,5,unknown,no,A01962
1963,Elbert  Klein,Male,53,Nevada,Other,08.Sep.2017,"$16,977.09 ",single,tertiary,no,no,cellular,377,1,unknown,yes,A01963
1964,Lee  Mack,Male,42,Nevada,Blue Collar,08.Sep.2017,"$65,322.63 ",married,tertiary,yes,no,cellular,408,1,unknown,no,A01964
1965,Rachel  Gomez,Male,37,California,White Collar,09.Sep.2017,"$89,461.88 ",married,primary,yes,no,cellular,246,2,unknown,no,A01965
1966,Donna  Reid,Male,37,California,Blue Collar,09.Sep.2017,"$34,090.40 ",single,tertiary,no,no,cellular,58,7,unknown,no,A01966
1967,Drew  Rogers,Male,31,California,Blue Collar,09.Sep.2017,"$37,249.33 ",married,primary,yes,no,cellular,196,1,unknown,no,A01967
1968,Mable  Lindsey,Male,38,California,White Collar,09.Sep.2017,"$92,953.30 ",married,secondary,yes,yes,cellular,219,4,unknown,no,A01968
1969,Patty  Thompson,Male,35,California,White Collar,09.Sep.2017,"$50,503.55 ",married,tertiary,yes,no,cellular,197,1,unknown,no,A01969
1970,Pauline  Beck,Male,34,California,Blue Collar,09.Sep.2017,"$54,422.87 ",married,tertiary,yes,no,cellular,257,2,unknown,no,A01970
1971,Tracy  Reed,Male,36,California,White Collar,09.Sep.2017,"$69,787.93 ",married,secondary,yes,no,cellular,381,1,failure,no,A01971
1972,Ruben  Nunez,Female,39,California,White Collar,09.Sep.2017,"$114,530.48 ",married,secondary,yes,yes,unknown,486,2,unknown,no,A01972
1973,Rachel  Gomez,Male,41,California,White Collar,09.Sep.2017,"$37,199.15 ",married,secondary,yes,yes,unknown,162,1,unknown,no,A01973
1974,Cassandra  Franklin,Female,56,Nevada,Other,09.Sep.2017,"$21,519.09 ",married,unknown,no,no,unknown,153,1,unknown,no,A01974
1975,Christy  Olson,Male,43,Nevada,Blue Collar,09.Sep.2017,"$15,374.21 ",single,secondary,no,no,cellular,809,2,unknown,yes,A01975
1976,Isabel  Cross,Male,45,Nevada,Other,09.Sep.2017,"$5,859.94 ",divorced,secondary,yes,no,cellular,50,1,unknown,no,A01976
1977,Elvira  Bowman,Male,54,Nevada,Other,09.Sep.2017,"$22,788.61 ",single,secondary,no,no,cellular,39,17,unknown,no,A01977
1978,Ellen  Weaver,Male,28,Wyoming,White Collar,09.Sep.2017,"$141,442.27 ",divorced,tertiary,no,no,cellular,131,2,unknown,no,A01978
1979,Billie  Chandler,Male,33,Wyoming,Blue Collar,09.Sep.2017,"$181,615.15 ",married,unknown,yes,no,telephone,526,4,other,no,A01979
1980,Christy  Olson,Male,29,Oregon,Blue Collar,09.Sep.2017,"$50,170.25 ",single,secondary,yes,no,unknown,172,3,unknown,no,A01980
1981,Johanna  Boone,Female,39,Oregon,White Collar,09.Sep.2017,"$114,339.72 ",married,unknown,no,no,cellular,405,1,success,no,A01981
1982,Marion  Glover,Male,26,California,Blue Collar,10.Sep.2017,"$22,432.87 ",married,tertiary,no,no,cellular,77,3,unknown,no,A01982
1983,Brooke  Horton,Male,26,California,White Collar,10.Sep.2017,"$137,083.75 ",married,primary,yes,no,unknown,158,2,unknown,no,A01983
1984,Sylvester  Morales,Female,39,California,White Collar,10.Sep.2017,"$6,204.18 ",single,secondary,yes,no,cellular,146,2,failure,no,A01984
1985,Cindy  Becker,Male,34,California,White Collar,10.Sep.2017,"$10,669.31 ",married,primary,no,no,unknown,27,1,unknown,no,A01985
1986,Lula  Daniels,Male,41,California,White Collar,10.Sep.2017,"$2,123.87 ",single,unknown,no,no,cellular,105,1,unknown,no,A01986
1987,Cassandra  Franklin,Male,27,California,Other,10.Sep.2017,"$15,257.61 ",single,tertiary,yes,no,unknown,119,4,unknown,no,A01987
1988,Edwin  Malone,Female,35,California,White Collar,10.Sep.2017,"$69,208.93 ",single,secondary,yes,yes,cellular,327,1,unknown,no,A01988
1989,Herman  Williams,Female,48,Nevada,Other,10.Sep.2017,"$59,905.58 ",divorced,secondary,no,yes,cellular,150,2,unknown,no,A01989
1990,Bethany  Pena,Male,51,Nevada,Blue Collar,10.Sep.2017,"$41,447.48 ",married,secondary,yes,yes,cellular,482,3,failure,no,A01990
1991,Sonya  Mullins,Female,45,Nevada,White Collar,10.Sep.2017,"$63,814.82 ",single,secondary,yes,no,unknown,81,2,unknown,no,A01991
1992,Lee  Mack,Male,60,Nevada,Other,10.Sep.2017,"$86,653.46 ",divorced,tertiary,no,no,cellular,1164,2,unknown,yes,A01992
1993,Salvador  Bass,Male,63,Nevada,Other,10.Sep.2017,"$79,109.94 ",married,secondary,yes,no,cellular,674,3,unknown,no,A01993
1994,Elaine  Ellis,Male,45,Nevada,Other,10.Sep.2017,"$15,630.25 ",married,unknown,yes,no,cellular,347,1,unknown,no,A01994
1995,Robert  Munoz,Male,45,Nevada,Blue Collar,10.Sep.2017,"$167,105.28 ",married,primary,yes,no,cellular,712,6,unknown,yes,A01995
1996,Max  Rodgers,Male,41,Wyoming,White Collar,10.Sep.2017,"$6,949.51 ",single,secondary,no,no,cellular,48,2,unknown,no,A01996
1997,Kyle  Carr,Female,42,California,White Collar,11.Sep.2017,"$109,134.82 ",divorced,tertiary,yes,yes,cellular,279,1,unknown,no,A01997
1998,Austin  Reynolds,Female,30,California,White Collar,11.Sep.2017,"$2,744.55 ",single,secondary,yes,no,unknown,236,2,unknown,no,A01998
1999,Donna  Reid,Male,26,California,White Collar,11.Sep.2017,"$120,670.34 ",married,secondary,yes,no,cellular,91,2,unknown,no,A01999
2000,Pauline  Beck,Male,39,California,White Collar,11.Sep.2017,"$45,484.55 ",married,secondary,yes,yes,cellular,15,8,unknown,no,A02000
2001,Lee  Mack,Female,43,California,White Collar,11.Sep.2017,"$86,176.82 ",married,primary,yes,no,cellular,161,1,failure,no,A02001
2002,Colleen  Warren,Female,30,California,White Collar,11.Sep.2017,"$18,441.27 ",married,primary,yes,yes,unknown,187,19,unknown,no,A02002
2003,Brooke  Horton,Female,40,California,White Collar,11.Sep.2017,"$75,047.82 ",single,tertiary,yes,no,cellular,100,1,failure,no,A02003
2004,Felicia  Jennings,Female,28,California,White Collar,11.Sep.2017,"$58,618.10 ",married,secondary,yes,yes,cellular,214,4,unknown,no,A02004
2005,Jenny  Garcia,Female,49,California,White Collar,11.Sep.2017,"$2,390.78 ",single,secondary,yes,yes,cellular,406,1,failure,no,A02005
2006,Della  Jensen,Male,27,California,Other,11.Sep.2017,"$54,182.55 ",married,secondary,yes,no,cellular,361,1,failure,no,A02006
2007,Shari  Silva,Male,51,Nevada,Other,11.Sep.2017,"$24,166.42 ",married,primary,no,no,unknown,30,3,unknown,no,A02007
2008,Eddie  Green,Female,49,Nevada,Other,11.Sep.2017,"$92,574.91 ",single,secondary,yes,no,unknown,99,2,unknown,no,A02008
2009,Della  Jensen,Male,52,Nevada,Other,11.Sep.2017,"$52,523.24 ",married,secondary,yes,no,unknown,202,2,unknown,no,A02009
2010,Robert  Munoz,Male,50,Nevada,Other,11.Sep.2017,"$256,842.52 ",married,primary,yes,no,unknown,318,2,unknown,no,A02010
2011,Herman  Williams,Female,53,Nevada,Other,11.Sep.2017,"$84,883.55 ",single,tertiary,no,no,cellular,275,12,unknown,no,A02011
2012,Joey  Wong,Female,19,Wyoming,Blue Collar,11.Sep.2017,"$106,023.51 ",married,primary,yes,yes,unknown,59,4,unknown,no,A02012
2013,Willie  Vega,Male,18,Oregon,White Collar,11.Sep.2017,"$75,308.54 ",married,tertiary,no,no,cellular,70,4,unknown,no,A02013
2014,Robert  Munoz,Female,31,Oregon,Other,11.Sep.2017,"$12,328.67 ",single,secondary,yes,no,cellular,1126,1,failure,no,A02014
2015,Trevor  Jones,Female,55,Oregon,Other,11.Sep.2017,"$82,253.76 ",divorced,secondary,no,no,cellular,343,3,unknown,yes,A02015
2016,Brooke  Horton,Female,36,Oregon,Blue Collar,11.Sep.2017,"$29,549.90 ",single,tertiary,yes,no,cellular,228,2,failure,yes,A02016
2017,Nellie  Joseph,Male,43,California,White Collar,12.Sep.2017,"$17,730.88 ",married,secondary,yes,no,cellular,209,2,unknown,no,A02017
2018,Cassandra  Franklin,Male,31,California,Blue Collar,12.Sep.2017,"$13,580.33 ",single,tertiary,yes,no,cellular,709,1,unknown,yes,A02018
2019,Herman  Williams,Female,34,California,Blue Collar,12.Sep.2017,"$4,893.60 ",divorced,tertiary,no,no,cellular,275,2,unknown,no,A02019
2020,Mable  Lindsey,Female,25,California,White Collar,12.Sep.2017,"$81,983.66 ",married,primary,yes,no,cellular,51,2,failure,no,A02020
2021,Elvira  Bowman,Female,38,California,White Collar,12.Sep.2017,"$13,538.39 ",married,secondary,no,yes,unknown,267,1,unknown,no,A02021
2022,Bobbie  Ryan,Male,37,California,White Collar,12.Sep.2017,"$48,641.84 ",married,tertiary,no,no,unknown,95,1,unknown,no,A02022
2023,Elvira  Bowman,Male,36,California,White Collar,12.Sep.2017,"$68,098.10 ",single,tertiary,no,no,cellular,246,2,unknown,no,A02023
2024,Robert  Munoz,Male,51,Nevada,Blue Collar,12.Sep.2017,"$75,565.24 ",married,secondary,no,yes,cellular,46,1,unknown,no,A02024
2025,Salvador  Bass,Male,58,Nevada,White Collar,12.Sep.2017,"$208,371.85 ",divorced,tertiary,yes,no,cellular,144,3,unknown,no,A02025
2026,Isabel  Cross,Female,44,Nevada,Other,12.Sep.2017,"$28,844.36 ",single,tertiary,no,no,cellular,249,2,unknown,no,A02026
2027,Drew  Rogers,Female,52,Nevada,Blue Collar,12.Sep.2017,"$145,684.06 ",married,secondary,yes,no,unknown,328,1,unknown,no,A02027
2028,Della  Jensen,Male,50,Nevada,Other,12.Sep.2017,"$40,362.30 ",single,primary,yes,yes,unknown,17,1,unknown,no,A02028
2029,Edwin  Malone,Male,60,Nevada,Blue Collar,12.Sep.2017,"$88,331.70 ",married,secondary,yes,no,unknown,126,3,unknown,no,A02029
2030,Edwin  Malone,Male,46,Nevada,Blue Collar,12.Sep.2017,"$71,223.39 ",divorced,tertiary,yes,no,cellular,52,8,unknown,no,A02030
2031,Nellie  Joseph,Male,22,Wyoming,White Collar,12.Sep.2017,"$143,309.34 ",married,unknown,no,no,unknown,52,1,unknown,no,A02031
2032,Cassandra  Franklin,Male,31,Wyoming,Blue Collar,12.Sep.2017,"$43,836.31 ",married,tertiary,yes,no,cellular,285,5,unknown,no,A02032
2033,Salvador  Bass,Male,38,Wyoming,White Collar,12.Sep.2017,"$94,343.58 ",married,primary,no,no,telephone,500,4,failure,yes,A02033
2034,Guillermo  Potter,Male,43,California,White Collar,13.Sep.2017,"$76,981.07 ",divorced,primary,no,yes,cellular,955,5,unknown,yes,A02034
2035,Marion  Glover,Male,29,California,White Collar,13.Sep.2017,"$18,294.76 ",married,secondary,yes,no,cellular,216,5,unknown,no,A02035
2036,Della  Jensen,Female,37,California,Other,13.Sep.2017,"$140,066.58 ",divorced,tertiary,no,no,cellular,84,7,unknown,no,A02036
2037,Carla  Mccormick,Male,31,California,White Collar,13.Sep.2017,"$131,377.57 ",married,tertiary,yes,no,cellular,138,3,unknown,no,A02037
2038,Della  Jensen,Male,29,California,Other,13.Sep.2017,"$104,605.72 ",married,tertiary,yes,yes,cellular,436,2,other,yes,A02038
2039,Cassandra  Franklin,Male,58,Nevada,Blue Collar,13.Sep.2017,"$30,091.36 ",single,secondary,yes,no,cellular,123,1,unknown,no,A02039
2040,Della  Jensen,Male,40,Nevada,White Collar,13.Sep.2017,"$52,155.10 ",married,tertiary,no,no,cellular,36,4,unknown,no,A02040
2041,Donna  Reid,Female,64,Nevada,Blue Collar,13.Sep.2017,"$36,908.27 ",married,secondary,no,no,unknown,405,3,unknown,no,A02041
2042,Carla  Mccormick,Female,33,Nevada,Other,13.Sep.2017,"$41,540.40 ",married,primary,no,no,cellular,103,1,unknown,no,A02042
2043,Christina  Fuller,Male,56,Nevada,Blue Collar,13.Sep.2017,"$13,803.12 ",married,secondary,yes,no,unknown,175,1,unknown,no,A02043
2044,Jenny  Garcia,Female,34,Wyoming,Other,13.Sep.2017,"$82,531.55 ",married,primary,no,yes,cellular,374,3,unknown,no,A02044
2045,Cecilia  Manning,Female,37,Wyoming,White Collar,13.Sep.2017,"$24,747.12 ",married,tertiary,yes,no,unknown,129,4,unknown,no,A02045
2046,Lorraine  Gibson,Female,19,Oregon,Blue Collar,13.Sep.2017,$102.67 ,married,tertiary,no,yes,telephone,246,3,unknown,no,A02046
2047,Brooke  Horton,Male,21,Oregon,Blue Collar,13.Sep.2017,"$24,918.04 ",single,secondary,yes,no,unknown,107,2,unknown,no,A02047
2048,Kyle  Carr,Female,37,California,White Collar,14.Sep.2017,"$46,917.40 ",married,tertiary,no,no,unknown,385,1,unknown,no,A02048
2049,Pauline  Beck,Female,31,California,White Collar,14.Sep.2017,"$104,704.70 ",married,primary,no,yes,cellular,104,3,unknown,no,A02049
2050,Bobbie  Ryan,Female,28,California,White Collar,14.Sep.2017,"$123,339.58 ",married,primary,no,no,cellular,309,1,success,yes,A02050
2051,Beth  Tucker,Male,40,California,White Collar,14.Sep.2017,"$68,164.64 ",married,primary,yes,no,cellular,198,2,failure,no,A02051
2052,Donna  Reid,Male,48,California,Blue Collar,14.Sep.2017,"$92,633.40 ",single,secondary,yes,no,unknown,543,2,unknown,yes,A02052
2053,Peter  Hodges,Male,38,California,White Collar,14.Sep.2017,"$146,301.30 ",married,secondary,no,yes,cellular,143,7,unknown,no,A02053
2054,Ben  Perez,Female,34,California,White Collar,14.Sep.2017,"$11,222.40 ",single,secondary,yes,no,unknown,23,1,unknown,no,A02054
2055,Arturo  Francis,Female,26,California,White Collar,14.Sep.2017,"$4,251.00 ",married,secondary,no,yes,unknown,104,2,unknown,no,A02055
2056,Charlie  Wood,Male,64,Nevada,Other,14.Sep.2017,"$21,727.07 ",married,secondary,yes,no,cellular,378,2,success,yes,A02056
2057,Cassandra  Franklin,Male,50,Nevada,Blue Collar,14.Sep.2017,"$63,925.36 ",married,secondary,yes,no,cellular,364,1,unknown,no,A02057
2058,Ben  Perez,Male,47,Nevada,Blue Collar,14.Sep.2017,"$48,955.24 ",married,secondary,no,yes,cellular,363,6,unknown,no,A02058
2059,Lula  Daniels,Male,47,Nevada,Blue Collar,14.Sep.2017,"$38,935.33 ",divorced,tertiary,yes,no,cellular,248,1,unknown,no,A02059
2060,Patty  Thompson,Male,34,Wyoming,White Collar,14.Sep.2017,"$88,494.67 ",married,secondary,yes,yes,unknown,157,2,unknown,no,A02060
2061,Ivan  Adkins,Male,33,California,Blue Collar,15.Sep.2017,"$16,641.54 ",married,primary,yes,no,unknown,402,2,unknown,no,A02061
2062,Cassandra  Franklin,Male,36,California,White Collar,15.Sep.2017,"$88,248.91 ",married,secondary,yes,no,unknown,203,5,unknown,no,A02062
2063,Isabel  Cross,Male,36,California,White Collar,15.Sep.2017,"$41,168.73 ",married,unknown,yes,no,cellular,422,1,failure,no,A02063
2064,Brooke  Horton,Male,32,California,Other,15.Sep.2017,"$33,023.48 ",married,primary,yes,no,cellular,44,1,unknown,no,A02064
2065,Ivan  Adkins,Female,29,California,Other,15.Sep.2017,"$62,532.15 ",single,tertiary,yes,no,unknown,358,4,unknown,no,A02065
2066,Salvador  Bass,Female,25,California,White Collar,15.Sep.2017,"$32,443.67 ",single,tertiary,no,no,cellular,39,2,unknown,no,A02066
2067,Ben  Perez,Male,44,California,White Collar,15.Sep.2017,"$97,826.76 ",divorced,tertiary,yes,no,telephone,325,1,unknown,no,A02067
2068,Drew  Rogers,Male,51,Nevada,Other,15.Sep.2017,"$92,632.45 ",divorced,primary,yes,no,cellular,238,3,other,no,A02068
2069,Brooke  Horton,Male,54,Nevada,Blue Collar,15.Sep.2017,"$61,661.70 ",married,secondary,yes,no,cellular,968,1,failure,yes,A02069
2070,Cindy  Becker,Male,53,Nevada,Blue Collar,15.Sep.2017,"$181,791.93 ",single,tertiary,yes,no,cellular,156,1,failure,no,A02070
2071,Trevor  Jones,Female,51,Nevada,Other,15.Sep.2017,"$82,172.63 ",married,secondary,no,no,telephone,681,1,success,no,A02071
2072,Billie  Chandler,Female,48,Nevada,Other,15.Sep.2017,"$109,443.78 ",married,secondary,yes,no,cellular,187,2,unknown,no,A02072
2073,Cecilia  Manning,Female,34,Wyoming,White Collar,15.Sep.2017,"$33,566.43 ",single,tertiary,yes,yes,cellular,104,10,unknown,no,A02073
2074,Guillermo  Potter,Female,38,Wyoming,White Collar,15.Sep.2017,"$129,689.10 ",single,secondary,no,no,cellular,860,2,unknown,yes,A02074
2075,Della  Jensen,Male,27,Oregon,White Collar,15.Sep.2017,"$4,971.36 ",married,secondary,no,yes,cellular,112,2,unknown,no,A02075
2076,Blake  Bridges,Female,29,California,White Collar,16.Sep.2017,"$21,880.99 ",married,tertiary,no,no,cellular,112,1,failure,no,A02076
2077,Cindy  Becker,Male,25,California,White Collar,16.Sep.2017,"$3,173.00 ",married,secondary,yes,no,unknown,32,3,unknown,no,A02077
2078,Charlie  Wood,Female,29,California,White Collar,16.Sep.2017,"$26,792.79 ",single,tertiary,yes,no,cellular,325,2,unknown,yes,A02078
2079,Robert  Munoz,Female,39,California,White Collar,16.Sep.2017,"$110,805.21 ",single,secondary,no,no,cellular,410,1,unknown,no,A02079
2080,Cassandra  Franklin,Female,40,California,White Collar,16.Sep.2017,"$107,491.43 ",divorced,tertiary,yes,no,cellular,640,1,unknown,no,A02080
2081,Jaime  Pearson,Female,39,California,White Collar,16.Sep.2017,"$64,993.72 ",divorced,secondary,no,no,unknown,118,1,unknown,no,A02081
2082,Cassandra  Franklin,Male,32,California,White Collar,16.Sep.2017,"$197,814.75 ",married,unknown,no,no,cellular,166,2,unknown,no,A02082
2083,Shari  Silva,Male,34,California,White Collar,16.Sep.2017,"$61,283.13 ",divorced,primary,no,no,cellular,173,1,unknown,no,A02083
2084,Jenny  Garcia,Male,47,California,Other,16.Sep.2017,"$12,387.01 ",married,secondary,yes,no,unknown,21,24,unknown,no,A02084
2085,Donna  Reid,Male,41,California,Other,16.Sep.2017,"$101,779.49 ",married,secondary,yes,no,unknown,89,7,unknown,no,A02085
2086,Brooke  Horton,Female,32,California,White Collar,16.Sep.2017,"$118,345.01 ",married,secondary,yes,no,cellular,151,3,unknown,no,A02086
2087,Marion  Glover,Male,28,California,White Collar,16.Sep.2017,"$79,636.64 ",married,primary,no,no,unknown,112,4,unknown,no,A02087
2088,Cecilia  Manning,Male,34,California,Blue Collar,16.Sep.2017,"$62,571.76 ",single,secondary,no,no,cellular,164,5,unknown,no,A02088
2089,Colleen  Warren,Male,31,California,White Collar,16.Sep.2017,"$88,938.42 ",single,tertiary,no,no,telephone,145,2,other,no,A02089
2090,Guillermo  Potter,Male,32,Nevada,Blue Collar,16.Sep.2017,"$5,647.93 ",single,tertiary,yes,no,cellular,606,3,unknown,yes,A02090
2091,Felicia  Jennings,Male,54,Nevada,Other,16.Sep.2017,"$19,027.48 ",married,secondary,yes,no,unknown,105,1,unknown,no,A02091
2092,Salvador  Bass,Male,48,Nevada,Blue Collar,16.Sep.2017,"$59,526.22 ",married,secondary,no,yes,cellular,85,1,unknown,no,A02092
2093,Bobbie  Ryan,Male,45,Nevada,Other,16.Sep.2017,"$13,741.24 ",married,secondary,no,no,cellular,439,3,unknown,no,A02093
2094,Ernest  Davis,Male,50,Nevada,Other,16.Sep.2017,"$82,680.36 ",married,secondary,no,no,unknown,278,1,unknown,no,A02094
2095,Iris  Underwood,Female,36,California,White Collar,17.Sep.2017,"$98,631.54 ",married,secondary,no,no,cellular,205,4,unknown,no,A02095
2096,Edwin  Malone,Female,39,California,White Collar,17.Sep.2017,"$19,026.45 ",married,primary,yes,no,cellular,221,1,unknown,no,A02096
2097,Cecilia  Manning,Female,45,California,White Collar,17.Sep.2017,"$1,970.06 ",married,tertiary,yes,no,telephone,52,3,other,no,A02097
2098,Brooke  Horton,Male,28,California,White Collar,17.Sep.2017,"$98,497.51 ",divorced,tertiary,yes,no,unknown,84,3,unknown,no,A02098
2099,Jenny  Garcia,Female,47,Nevada,Other,17.Sep.2017,"$128,466.94 ",married,secondary,yes,no,cellular,476,3,unknown,no,A02099
2100,Brooke  Horton,Female,44,Nevada,Other,17.Sep.2017,"$66,601.31 ",married,tertiary,no,no,cellular,371,1,unknown,no,A02100
2101,Drew  Rogers,Male,48,Nevada,Other,17.Sep.2017,"$68,215.30 ",single,tertiary,yes,no,cellular,128,3,unknown,no,A02101
2102,Marian  Hill,Female,44,Nevada,Other,17.Sep.2017,"$50,499.49 ",married,secondary,yes,no,unknown,220,2,unknown,no,A02102
2103,Woodrow  Colon,Male,46,Nevada,Other,17.Sep.2017,"$141,464.15 ",married,tertiary,no,no,telephone,44,14,unknown,no,A02103
2104,Brooke  Horton,Male,59,Nevada,White Collar,17.Sep.2017,"$37,296.76 ",married,secondary,yes,no,unknown,30,1,success,no,A02104
2105,Willie  Vega,Male,50,Nevada,Blue Collar,17.Sep.2017,"$31,964.93 ",divorced,tertiary,no,no,cellular,330,1,failure,no,A02105
2106,Joey  Wong,Female,25,Wyoming,White Collar,17.Sep.2017,"$111,658.30 ",married,secondary,yes,no,unknown,28,1,unknown,no,A02106
2107,Eddie  Green,Male,27,Wyoming,Blue Collar,17.Sep.2017,"$71,427.09 ",married,primary,no,no,cellular,908,1,unknown,no,A02107
2108,Lance  Yates,Female,29,Oregon,Other,17.Sep.2017,"$112,528.85 ",divorced,tertiary,no,no,cellular,177,1,unknown,no,A02108
2109,Bobbie  Ryan,Female,27,Oregon,White Collar,17.Sep.2017,"$96,587.24 ",divorced,primary,yes,no,unknown,113,4,unknown,no,A02109
2110,Trevor  Jones,Male,33,California,Other,18.Sep.2017,"$1,372.96 ",single,secondary,yes,no,telephone,289,8,unknown,no,A02110
2111,Della  Jensen,Female,37,California,White Collar,18.Sep.2017,"$7,326.87 ",married,secondary,yes,no,cellular,357,1,unknown,no,A02111
2112,Dan  Peterson,Female,33,California,Blue Collar,18.Sep.2017,"$23,940.13 ",single,tertiary,no,no,cellular,38,16,unknown,no,A02112
2113,Lorraine  Gibson,Female,39,California,White Collar,18.Sep.2017,"$68,610.01 ",married,secondary,yes,no,cellular,414,4,unknown,no,A02113
2114,Lynette  Brewer,Female,37,California,White Collar,18.Sep.2017,"$18,662.30 ",married,secondary,yes,no,cellular,257,2,unknown,no,A02114
2115,Christy  Olson,Female,38,California,White Collar,18.Sep.2017,"$36,908.34 ",married,tertiary,yes,no,unknown,480,1,unknown,yes,A02115
2116,Iris  Underwood,Male,34,California,Blue Collar,18.Sep.2017,"$28,285.91 ",married,primary,no,no,cellular,252,2,unknown,no,A02116
2117,Sonya  Mullins,Male,36,California,White Collar,18.Sep.2017,"$11,105.79 ",single,primary,yes,no,unknown,151,1,unknown,no,A02117
2118,Cassandra  Franklin,Male,34,California,Other,18.Sep.2017,"$102,234.70 ",married,primary,no,no,cellular,213,4,unknown,no,A02118
2119,Lorraine  Gibson,Female,38,California,White Collar,18.Sep.2017,"$142,697.33 ",married,primary,no,yes,cellular,119,12,unknown,no,A02119
2120,Drew  Rogers,Female,23,California,Other,18.Sep.2017,"$63,447.70 ",married,tertiary,no,no,cellular,161,2,unknown,no,A02120
2121,Dan  Peterson,Male,44,California,White Collar,18.Sep.2017,"$1,369.51 ",divorced,tertiary,no,no,cellular,227,2,unknown,yes,A02121
2122,Marion  Glover,Female,47,Nevada,Other,18.Sep.2017,"$57,101.48 ",single,secondary,yes,no,telephone,12,3,other,no,A02122
2123,Edwin  Malone,Male,32,Nevada,Blue Collar,18.Sep.2017,"$50,104.48 ",married,secondary,no,no,cellular,517,1,success,yes,A02123
2124,Jenny  Garcia,Male,43,Nevada,Other,18.Sep.2017,"$112,780.07 ",divorced,secondary,yes,no,cellular,225,2,failure,no,A02124
2125,Trevor  Jones,Female,62,Nevada,Other,18.Sep.2017,"$164,433.25 ",married,tertiary,yes,no,unknown,150,2,unknown,no,A02125
2126,Christina  Fuller,Male,45,Nevada,Blue Collar,18.Sep.2017,"$105,209.54 ",married,secondary,no,yes,cellular,89,1,unknown,no,A02126
2127,Rachel  Gomez,Female,38,Wyoming,Other,18.Sep.2017,"$43,234.84 ",married,primary,yes,no,unknown,103,2,unknown,no,A02127
2128,Lula  Daniels,Female,38,Wyoming,Other,18.Sep.2017,"$35,113.76 ",divorced,tertiary,no,no,cellular,128,1,unknown,no,A02128
2129,Trevor  Jones,Female,44,Wyoming,White Collar,18.Sep.2017,"$68,458.99 ",married,primary,yes,no,cellular,277,1,unknown,no,A02129
2130,Ellen  Weaver,Female,32,Oregon,Other,18.Sep.2017,"$8,817.88 ",married,primary,yes,no,unknown,500,1,unknown,yes,A02130
2131,Herman  Williams,Male,36,California,Blue Collar,19.Sep.2017,"$80,237.16 ",single,primary,yes,no,telephone,113,2,unknown,no,A02131
2132,Della  Jensen,Female,30,California,White Collar,19.Sep.2017,"$158,939.24 ",married,tertiary,yes,no,cellular,326,5,failure,yes,A02132
2133,Salvador  Bass,Female,30,California,White Collar,19.Sep.2017,"$88,238.21 ",married,secondary,no,no,unknown,755,1,unknown,no,A02133
2134,Billie  Chandler,Female,30,California,Blue Collar,19.Sep.2017,"$12,088.25 ",married,tertiary,no,no,cellular,161,3,unknown,no,A02134
2135,Bethany  Pena,Male,27,California,Blue Collar,19.Sep.2017,"$64,352.75 ",married,secondary,yes,yes,cellular,100,1,unknown,no,A02135
2136,Donna  Reid,Female,29,California,White Collar,19.Sep.2017,"$97,332.82 ",married,tertiary,no,no,cellular,142,2,unknown,no,A02136
2137,Isabel  Cross,Female,21,California,Blue Collar,19.Sep.2017,"$169,660.19 ",married,tertiary,yes,no,unknown,214,2,unknown,no,A02137
2138,Della  Jensen,Male,33,California,White Collar,19.Sep.2017,"$11,901.40 ",married,primary,no,no,cellular,167,2,unknown,no,A02138
2139,Nellie  Joseph,Male,38,California,White Collar,19.Sep.2017,"$88,325.82 ",single,secondary,no,yes,cellular,676,5,unknown,no,A02139
2140,Don  Gonzales,Female,43,California,Other,19.Sep.2017,"$58,187.30 ",married,tertiary,no,no,cellular,236,1,unknown,no,A02140
2141,Drew  Rogers,Male,54,Nevada,White Collar,19.Sep.2017,"$38,216.18 ",single,tertiary,no,no,unknown,993,6,unknown,yes,A02141
2142,Woodrow  Colon,Male,46,Nevada,Blue Collar,19.Sep.2017,"$102,811.03 ",married,secondary,yes,yes,cellular,83,12,unknown,no,A02142
2143,Charlie  Wood,Male,40,Nevada,Other,19.Sep.2017,"$55,592.04 ",single,secondary,yes,no,cellular,100,1,unknown,no,A02143
2144,Sonya  Mullins,Male,50,Nevada,Blue Collar,19.Sep.2017,"$3,448.24 ",married,tertiary,yes,no,cellular,289,2,other,yes,A02144
2145,Robert  Munoz,Male,37,Nevada,Blue Collar,19.Sep.2017,"$96,418.73 ",married,secondary,no,yes,cellular,528,2,unknown,no,A02145
2146,Max  Rodgers,Male,45,Nevada,Blue Collar,19.Sep.2017,"$82,500.21 ",married,primary,no,no,unknown,340,2,unknown,no,A02146
2147,Blake  Bridges,Male,63,Nevada,Blue Collar,19.Sep.2017,"$23,614.36 ",married,secondary,no,no,cellular,33,3,unknown,no,A02147
2148,Isabel  Cross,Female,60,Nevada,Other,19.Sep.2017,"$66,313.36 ",single,secondary,no,no,telephone,284,3,unknown,no,A02148
2149,Shari  Silva,Female,53,Nevada,Other,19.Sep.2017,"$83,763.61 ",married,tertiary,no,no,telephone,245,3,unknown,yes,A02149
2150,Ruben  Nunez,Female,37,Wyoming,Other,19.Sep.2017,"$23,334.46 ",single,tertiary,yes,no,cellular,115,1,unknown,no,A02150
2151,Brooke  Horton,Male,37,Oregon,White Collar,19.Sep.2017,"$174,759.12 ",married,secondary,yes,no,unknown,730,2,unknown,no,A02151
2152,Salvador  Bass,Female,27,Oregon,Other,19.Sep.2017,"$27,761.30 ",divorced,primary,yes,no,cellular,347,1,failure,no,A02152
2153,Shari  Silva,Male,30,Oregon,Other,19.Sep.2017,"$124,699.51 ",single,secondary,no,no,cellular,58,1,unknown,no,A02153
2154,Paulette  Spencer,Female,29,California,White Collar,20.Sep.2017,"$60,679.84 ",married,primary,yes,no,cellular,180,1,unknown,no,A02154
2155,Cecilia  Manning,Male,36,California,White Collar,20.Sep.2017,"$58,781.85 ",married,secondary,yes,no,unknown,56,8,unknown,no,A02155
2156,Lula  Daniels,Male,43,California,White Collar,20.Sep.2017,"$7,543.76 ",married,primary,yes,no,unknown,326,3,unknown,no,A02156
2157,Felicia  Jennings,Male,28,California,Other,20.Sep.2017,"$58,097.58 ",married,secondary,yes,no,telephone,342,9,unknown,no,A02157
2158,Austin  Reynolds,Male,61,Nevada,Other,20.Sep.2017,"$48,415.84 ",married,secondary,no,yes,cellular,49,6,unknown,no,A02158
2159,Jenny  Garcia,Male,31,Nevada,Blue Collar,20.Sep.2017,"$27,870.03 ",married,tertiary,no,no,cellular,110,1,unknown,no,A02159
2160,Isabel  Cross,Female,51,Nevada,Other,20.Sep.2017,"$74,797.40 ",married,secondary,no,no,cellular,253,1,failure,yes,A02160
2161,Billie  Chandler,Male,46,Nevada,Blue Collar,20.Sep.2017,"$11,240.79 ",married,tertiary,no,no,cellular,636,2,unknown,no,A02161
2162,Nellie  Joseph,Female,35,Wyoming,White Collar,20.Sep.2017,"$101,754.31 ",married,primary,no,no,cellular,137,2,unknown,no,A02162
2163,Brooke  Horton,Female,43,Wyoming,White Collar,20.Sep.2017,"$111,121.82 ",single,secondary,no,no,cellular,173,1,unknown,no,A02163
2164,Colleen  Warren,Female,31,Wyoming,White Collar,20.Sep.2017,"$91,920.36 ",married,secondary,yes,no,cellular,227,2,unknown,no,A02164
2165,Rachel  Gomez,Male,26,Oregon,Other,20.Sep.2017,"$39,051.24 ",married,secondary,yes,yes,unknown,88,5,unknown,no,A02165
2166,Tracy  Reed,Female,27,Oregon,Blue Collar,20.Sep.2017,"$2,831.18 ",married,secondary,yes,no,unknown,426,3,unknown,no,A02166
2167,Felicia  Jennings,Male,29,California,White Collar,21.Sep.2017,"$114,204.27 ",married,secondary,yes,no,telephone,195,3,other,no,A02167
2168,Lynette  Brewer,Female,42,California,White Collar,21.Sep.2017,"$7,838.18 ",married,primary,no,no,cellular,230,8,unknown,no,A02168
2169,Arturo  Francis,Female,27,California,White Collar,21.Sep.2017,$538.28 ,married,secondary,yes,no,cellular,750,2,unknown,yes,A02169
2170,Blake  Bridges,Male,32,California,White Collar,21.Sep.2017,"$80,731.22 ",single,secondary,no,no,cellular,413,3,unknown,no,A02170
2171,Andrew  Meyer,Male,33,California,White Collar,21.Sep.2017,"$4,044.64 ",divorced,tertiary,yes,no,unknown,104,2,unknown,no,A02171
2172,Lance  Yates,Male,34,California,White Collar,21.Sep.2017,"$20,909.06 ",married,secondary,yes,yes,cellular,138,1,unknown,no,A02172
2173,Herman  Williams,Female,28,California,White Collar,21.Sep.2017,"$131,476.61 ",single,primary,yes,no,unknown,334,2,unknown,no,A02173
2174,Sandra  Floyd,Female,36,California,White Collar,21.Sep.2017,"$72,628.36 ",married,unknown,yes,no,unknown,868,1,unknown,no,A02174
2175,Austin  Reynolds,Male,50,California,White Collar,21.Sep.2017,"$75,679.72 ",married,secondary,yes,no,telephone,102,14,unknown,no,A02175
2176,Nellie  Joseph,Female,28,Nevada,Blue Collar,21.Sep.2017,"$59,098.82 ",divorced,tertiary,no,no,unknown,77,3,unknown,no,A02176
2177,Lee  Mack,Male,41,Nevada,Blue Collar,21.Sep.2017,"$91,801.99 ",single,secondary,yes,no,cellular,199,1,success,yes,A02177
2178,Kyle  Carr,Female,55,Wyoming,White Collar,21.Sep.2017,"$29,173.73 ",single,secondary,yes,no,unknown,332,2,unknown,no,A02178
2179,Robert  Munoz,Female,43,Wyoming,Blue Collar,21.Sep.2017,"$13,625.67 ",married,secondary,no,no,cellular,124,2,unknown,no,A02179
2180,Brooke  Horton,Female,31,Oregon,White Collar,21.Sep.2017,"$30,000.72 ",married,tertiary,no,no,cellular,91,9,unknown,no,A02180
2181,Cindy  Becker,Male,32,California,White Collar,22.Sep.2017,"$48,549.60 ",married,secondary,yes,no,cellular,104,3,unknown,no,A02181
2182,Ernest  Davis,Female,36,California,White Collar,22.Sep.2017,"$40,418.10 ",single,secondary,yes,no,cellular,125,1,failure,no,A02182
2183,Bobbie  Ryan,Female,33,California,White Collar,22.Sep.2017,"$47,605.85 ",married,secondary,yes,no,cellular,635,3,unknown,yes,A02183
2184,Brooke  Horton,Male,35,California,White Collar,22.Sep.2017,"$49,480.90 ",married,primary,no,yes,cellular,90,1,unknown,no,A02184
2185,Max  Rodgers,Male,32,California,White Collar,22.Sep.2017,"$4,630.78 ",married,tertiary,yes,yes,cellular,310,1,unknown,no,A02185
2186,Max  Rodgers,Male,53,Nevada,Blue Collar,22.Sep.2017,"$73,469.72 ",married,secondary,yes,no,cellular,207,1,failure,no,A02186
2187,Ellen  Weaver,Female,46,Nevada,Other,22.Sep.2017,"$20,158.94 ",married,secondary,no,no,unknown,43,1,unknown,no,A02187
2188,Billie  Chandler,Female,28,Wyoming,Blue Collar,22.Sep.2017,"$141,480.67 ",married,primary,no,no,telephone,126,4,unknown,no,A02188
2189,Cindy  Becker,Female,29,Wyoming,White Collar,22.Sep.2017,"$148,592.13 ",single,secondary,yes,no,cellular,137,1,success,no,A02189
2190,Dan  Peterson,Female,28,California,White Collar,23.Sep.2017,"$17,236.84 ",married,primary,yes,yes,unknown,284,5,unknown,no,A02190
2191,Willie  Vega,Male,32,California,White Collar,23.Sep.2017,"$96,567.19 ",married,tertiary,no,no,cellular,68,6,unknown,no,A02191
2192,Cassandra  Franklin,Male,28,California,Other,23.Sep.2017,"$116,988.88 ",married,tertiary,no,no,cellular,67,1,unknown,no,A02192
2193,Isabel  Cross,Male,18,California,Blue Collar,23.Sep.2017,"$93,407.00 ",single,secondary,yes,yes,cellular,8,2,unknown,no,A02193
2194,Salvador  Bass,Female,45,California,Blue Collar,23.Sep.2017,"$18,667.28 ",single,unknown,yes,no,cellular,62,1,unknown,no,A02194
2195,Marion  Glover,Female,26,California,White Collar,23.Sep.2017,"$88,290.97 ",married,tertiary,no,yes,cellular,175,1,unknown,no,A02195
2196,Jenny  Garcia,Female,32,California,Blue Collar,23.Sep.2017,"$75,059.36 ",single,primary,yes,no,unknown,395,2,unknown,yes,A02196
2197,Ruben  Nunez,Male,18,California,White Collar,23.Sep.2017,"$1,253.57 ",divorced,tertiary,yes,no,cellular,27,1,failure,no,A02197
2198,Isabel  Cross,Female,20,California,White Collar,23.Sep.2017,"$77,468.01 ",married,secondary,yes,yes,unknown,195,1,unknown,no,A02198
2199,Herman  Williams,Female,31,California,Other,23.Sep.2017,"$110,432.57 ",married,secondary,no,yes,cellular,254,2,unknown,no,A02199
2200,Carla  Mccormick,Male,27,California,White Collar,23.Sep.2017,"$49,782.48 ",divorced,secondary,no,yes,cellular,199,1,unknown,no,A02200
2201,Donna  Reid,Male,40,California,White Collar,23.Sep.2017,"$56,286.93 ",married,secondary,no,no,cellular,73,17,unknown,no,A02201
2202,Salvador  Bass,Male,49,Nevada,Blue Collar,23.Sep.2017,"$30,460.13 ",single,tertiary,yes,no,unknown,351,1,unknown,no,A02202
2203,Ben  Perez,Male,43,Nevada,Blue Collar,23.Sep.2017,"$49,449.94 ",married,tertiary,yes,yes,unknown,1689,4,unknown,yes,A02203
2204,Joey  Wong,Female,44,Nevada,White Collar,23.Sep.2017,"$55,079.04 ",single,tertiary,no,no,cellular,267,1,unknown,no,A02204
2205,Max  Rodgers,Female,47,Nevada,White Collar,23.Sep.2017,"$43,350.87 ",married,secondary,no,no,unknown,234,2,unknown,no,A02205
2206,Rachel  Gomez,Female,55,Nevada,Other,23.Sep.2017,"$115,093.09 ",divorced,secondary,no,no,cellular,234,10,unknown,no,A02206
2207,Mable  Lindsey,Male,54,Nevada,Blue Collar,23.Sep.2017,"$114,087.36 ",married,tertiary,no,no,cellular,94,4,unknown,no,A02207
2208,Fernando  Rowe,Male,56,Nevada,Blue Collar,23.Sep.2017,"$15,882.76 ",single,secondary,yes,no,unknown,77,2,unknown,no,A02208
2209,Drew  Rogers,Female,29,Wyoming,Blue Collar,23.Sep.2017,"$11,363.30 ",married,secondary,yes,no,cellular,242,1,unknown,no,A02209
2210,Robert  Munoz,Male,33,Wyoming,White Collar,23.Sep.2017,"$66,573.94 ",married,secondary,no,no,cellular,247,4,unknown,no,A02210
2211,Salvador  Bass,Female,27,Oregon,Other,23.Sep.2017,"$56,693.85 ",married,tertiary,no,no,unknown,85,4,unknown,no,A02211
2212,Della  Jensen,Female,24,Oregon,Other,23.Sep.2017,"$99,785.76 ",divorced,tertiary,no,no,cellular,607,4,unknown,no,A02212
2213,Billie  Chandler,Female,27,Oregon,Other,23.Sep.2017,"$97,156.69 ",married,tertiary,yes,no,cellular,485,2,failure,yes,A02213
2214,Salvador  Bass,Male,40,California,Other,24.Sep.2017,"$23,332.91 ",single,secondary,no,no,cellular,184,1,failure,yes,A02214
2215,Drew  Rogers,Male,33,California,White Collar,24.Sep.2017,"$92,353.55 ",divorced,secondary,yes,no,unknown,258,1,unknown,no,A02215
2216,Tracy  Reed,Male,40,California,White Collar,24.Sep.2017,"$38,687.96 ",single,unknown,yes,no,cellular,156,1,other,no,A02216
2217,Elbert  Klein,Male,41,California,White Collar,24.Sep.2017,"$40,040.55 ",married,secondary,no,no,unknown,160,1,unknown,no,A02217
2218,Peter  Hodges,Female,29,California,White Collar,24.Sep.2017,"$177,787.16 ",married,tertiary,no,no,unknown,1021,1,unknown,no,A02218
2219,Carla  Mccormick,Female,37,California,Blue Collar,24.Sep.2017,"$81,629.55 ",married,primary,yes,no,cellular,5,25,unknown,no,A02219
2220,Edwin  Malone,Male,26,California,White Collar,24.Sep.2017,"$43,679.07 ",married,secondary,yes,no,cellular,701,1,unknown,yes,A02220
2221,Salvador  Bass,Male,37,California,White Collar,24.Sep.2017,"$18,148.96 ",married,secondary,yes,yes,cellular,732,2,failure,yes,A02221
2222,Cecilia  Manning,Female,46,California,White Collar,24.Sep.2017,"$89,016.69 ",married,tertiary,no,no,cellular,122,1,unknown,no,A02222
2223,Pauline  Beck,Male,48,California,White Collar,24.Sep.2017,"$79,507.06 ",married,secondary,yes,no,unknown,559,1,unknown,no,A02223
2224,Austin  Reynolds,Female,39,California,White Collar,24.Sep.2017,"$28,929.18 ",divorced,secondary,yes,yes,unknown,141,1,unknown,no,A02224
2225,Elbert  Klein,Female,37,California,White Collar,24.Sep.2017,"$21,804.75 ",single,tertiary,yes,no,cellular,87,4,unknown,no,A02225
2226,Allan  Ramos,Female,31,California,White Collar,24.Sep.2017,"$70,717.73 ",single,tertiary,no,no,cellular,577,1,unknown,no,A02226
2227,Shari  Silva,Male,46,California,White Collar,24.Sep.2017,"$43,890.51 ",married,tertiary,yes,no,cellular,193,2,unknown,no,A02227
2228,Paulette  Spencer,Female,34,California,White Collar,24.Sep.2017,"$62,071.37 ",single,tertiary,no,no,cellular,210,5,unknown,no,A02228
2229,Eric  Rose,Male,37,California,Blue Collar,24.Sep.2017,"$44,994.46 ",married,secondary,no,no,cellular,732,2,unknown,no,A02229
2230,Tracy  Reed,Female,22,California,White Collar,24.Sep.2017,"$49,172.73 ",divorced,secondary,yes,yes,unknown,121,2,unknown,no,A02230
2231,Elaine  Ellis,Female,32,California,White Collar,24.Sep.2017,"$55,642.28 ",single,secondary,no,yes,cellular,150,2,unknown,no,A02231
2232,Tiffany  May,Female,33,California,Other,24.Sep.2017,"$54,789.42 ",single,tertiary,no,no,cellular,140,1,unknown,no,A02232
2233,Lynette  Brewer,Female,31,California,Blue Collar,24.Sep.2017,"$94,698.96 ",married,secondary,yes,no,cellular,386,2,unknown,no,A02233
2234,Ben  Perez,Female,20,California,White Collar,24.Sep.2017,"$25,850.78 ",married,secondary,yes,no,cellular,733,2,unknown,yes,A02234
2235,Iris  Underwood,Male,40,California,White Collar,24.Sep.2017,"$37,934.81 ",married,secondary,yes,no,cellular,108,1,unknown,no,A02235
2236,Edwin  Malone,Female,42,California,White Collar,24.Sep.2017,"$26,314.85 ",single,tertiary,no,yes,cellular,80,1,failure,no,A02236
2237,Marion  Glover,Male,36,California,White Collar,24.Sep.2017,"$58,250.37 ",divorced,secondary,yes,no,unknown,155,3,unknown,no,A02237
2238,Bethany  Pena,Male,34,California,White Collar,24.Sep.2017,"$13,725.45 ",married,secondary,yes,yes,cellular,389,4,unknown,no,A02238
2239,Robert  Munoz,Male,34,California,White Collar,24.Sep.2017,"$73,054.99 ",married,tertiary,yes,no,cellular,133,3,unknown,no,A02239
2240,Bethany  Pena,Female,36,California,White Collar,24.Sep.2017,"$49,547.01 ",married,secondary,yes,no,cellular,328,6,unknown,no,A02240
2241,Salvador  Bass,Male,37,California,White Collar,24.Sep.2017,"$125,080.43 ",married,secondary,yes,no,cellular,119,2,unknown,no,A02241
2242,Beth  Tucker,Male,31,California,White Collar,24.Sep.2017,"$57,255.10 ",married,primary,yes,no,unknown,87,6,unknown,no,A02242
2243,Robert  Munoz,Female,44,California,White Collar,24.Sep.2017,"$41,074.06 ",single,secondary,no,yes,cellular,162,1,failure,no,A02243
2244,Ellen  Weaver,Female,38,California,White Collar,24.Sep.2017,"$7,541.27 ",married,secondary,yes,no,unknown,294,2,unknown,no,A02244
2245,Bernadette  Page,Male,24,California,White Collar,24.Sep.2017,"$78,912.75 ",single,tertiary,yes,yes,cellular,128,2,unknown,no,A02245
2246,Felicia  Jennings,Female,52,Nevada,Blue Collar,24.Sep.2017,"$65,353.31 ",married,secondary,yes,no,cellular,108,1,unknown,no,A02246
2247,Kyle  Carr,Male,43,Nevada,Other,24.Sep.2017,"$12,110.54 ",single,secondary,yes,yes,cellular,172,2,unknown,no,A02247
2248,Willie  Vega,Male,19,Nevada,Other,24.Sep.2017,"$45,807.21 ",married,secondary,yes,yes,unknown,208,5,unknown,no,A02248
2249,Elvira  Bowman,Female,52,Nevada,Other,24.Sep.2017,"$97,043.22 ",married,secondary,yes,no,unknown,212,2,unknown,no,A02249
2250,Sandra  Floyd,Male,48,Nevada,Other,24.Sep.2017,"$48,819.37 ",divorced,tertiary,no,no,cellular,148,1,failure,no,A02250
2251,Christina  Fuller,Female,61,Nevada,Other,24.Sep.2017,"$28,179.10 ",married,tertiary,yes,no,cellular,99,1,unknown,no,A02251
2252,Max  Rodgers,Male,48,Nevada,Blue Collar,24.Sep.2017,"$35,411.64 ",married,tertiary,no,no,cellular,185,1,success,yes,A02252
2253,Lynette  Brewer,Female,50,Nevada,Other,24.Sep.2017,"$22,140.33 ",married,primary,no,no,cellular,133,2,unknown,no,A02253
2254,Mable  Lindsey,Male,45,Nevada,Blue Collar,24.Sep.2017,"$96,514.31 ",single,secondary,no,no,cellular,170,1,unknown,no,A02254
2255,Ellen  Weaver,Male,39,Nevada,Blue Collar,24.Sep.2017,"$41,381.49 ",married,tertiary,yes,no,unknown,668,7,unknown,no,A02255
2256,Herman  Williams,Male,58,Nevada,Other,24.Sep.2017,"$70,317.96 ",single,tertiary,yes,no,cellular,81,3,failure,no,A02256
2257,Brooke  Horton,Female,51,Nevada,Other,24.Sep.2017,"$24,359.49 ",single,secondary,no,no,cellular,230,2,unknown,no,A02257
2258,Jenny  Garcia,Female,50,Nevada,Other,24.Sep.2017,"$47,637.36 ",married,secondary,no,no,unknown,287,1,unknown,no,A02258
2259,Sonya  Mullins,Male,42,Nevada,Blue Collar,24.Sep.2017,"$81,873.18 ",married,primary,no,no,cellular,618,1,unknown,no,A02259
2260,Peter  Hodges,Female,43,Nevada,Other,24.Sep.2017,"$14,980.25 ",married,tertiary,yes,no,cellular,788,1,unknown,yes,A02260
2261,Don  Gonzales,Male,50,Nevada,Other,24.Sep.2017,"$49,492.67 ",divorced,secondary,no,no,cellular,285,6,unknown,no,A02261
2262,Lula  Daniels,Female,50,Nevada,Other,24.Sep.2017,"$41,963.76 ",single,secondary,no,no,cellular,163,2,unknown,no,A02262
2263,Willie  Vega,Female,61,Nevada,Blue Collar,24.Sep.2017,"$72,229.63 ",single,tertiary,no,no,cellular,159,1,unknown,no,A02263
2264,Jenny  Garcia,Male,45,Nevada,Other,24.Sep.2017,"$15,683.21 ",married,secondary,yes,no,cellular,197,2,failure,no,A02264
2265,Peter  Hodges,Female,25,Wyoming,White Collar,24.Sep.2017,"$60,498.76 ",married,tertiary,no,no,cellular,212,2,unknown,no,A02265
2266,Sonya  Mullins,Male,33,Wyoming,Other,24.Sep.2017,"$56,848.96 ",married,tertiary,yes,no,unknown,44,15,unknown,no,A02266
2267,Isabel  Cross,Female,25,Wyoming,Other,24.Sep.2017,"$7,571.46 ",married,secondary,no,no,cellular,180,2,success,no,A02267
2268,Ernest  Davis,Male,18,Wyoming,White Collar,24.Sep.2017,"$40,794.90 ",single,primary,no,no,unknown,11,1,unknown,no,A02268
2269,Colleen  Warren,Male,26,Wyoming,White Collar,24.Sep.2017,"$87,161.51 ",single,secondary,yes,no,unknown,863,1,unknown,no,A02269
2270,Ben  Perez,Male,35,Wyoming,White Collar,24.Sep.2017,"$17,240.58 ",single,secondary,yes,no,unknown,388,7,unknown,no,A02270
2271,Sonya  Mullins,Male,37,Wyoming,Other,24.Sep.2017,"$60,987.96 ",married,secondary,yes,no,unknown,143,3,unknown,no,A02271
2272,Beth  Tucker,Male,22,Wyoming,Blue Collar,24.Sep.2017,"$22,011.34 ",single,tertiary,yes,no,cellular,191,1,failure,no,A02272
2273,Marion  Glover,Male,46,Wyoming,Blue Collar,24.Sep.2017,"$55,101.64 ",divorced,tertiary,yes,yes,unknown,62,2,unknown,no,A02273
2274,Elbert  Klein,Male,25,Wyoming,Other,24.Sep.2017,"$61,487.57 ",married,primary,yes,no,unknown,13,1,unknown,no,A02274
2275,Trevor  Jones,Female,36,Wyoming,White Collar,24.Sep.2017,"$126,777.96 ",single,secondary,yes,no,cellular,1073,1,unknown,yes,A02275
2276,Trevor  Jones,Female,27,Oregon,White Collar,24.Sep.2017,"$75,817.60 ",married,tertiary,yes,no,cellular,337,2,unknown,no,A02276
2277,Guillermo  Potter,Female,38,Oregon,Other,24.Sep.2017,"$20,766.88 ",married,primary,yes,yes,telephone,88,10,unknown,no,A02277
2278,Salvador  Bass,Female,33,Oregon,Other,24.Sep.2017,$198.15 ,married,secondary,no,no,cellular,167,1,other,no,A02278
2279,Robert  Munoz,Female,29,Oregon,Other,24.Sep.2017,"$110,966.36 ",single,secondary,no,no,cellular,96,4,unknown,no,A02279
2280,Joey  Wong,Male,29,Oregon,Blue Collar,24.Sep.2017,"$16,686.16 ",married,secondary,yes,no,cellular,537,3,unknown,no,A02280
2281,Della  Jensen,Female,49,California,White Collar,25.Sep.2017,"$51,332.55 ",single,secondary,yes,no,unknown,5,3,unknown,no,A02281
2282,Cassandra  Franklin,Male,32,California,White Collar,25.Sep.2017,"$88,538.06 ",married,secondary,no,no,cellular,139,1,unknown,no,A02282
2283,Drew  Rogers,Female,38,California,White Collar,25.Sep.2017,"$143,498.45 ",single,primary,yes,no,unknown,570,2,unknown,no,A02283
2284,Mable  Lindsey,Male,29,California,Blue Collar,25.Sep.2017,"$51,178.22 ",married,tertiary,yes,no,cellular,100,3,unknown,no,A02284
2285,Sandra  Floyd,Female,31,California,Other,25.Sep.2017,"$7,373.54 ",married,secondary,yes,no,unknown,253,2,unknown,no,A02285
2286,Isabel  Cross,Female,28,California,White Collar,25.Sep.2017,"$159,824.12 ",married,secondary,yes,no,cellular,525,2,unknown,no,A02286
2287,Paulette  Spencer,Female,36,California,Blue Collar,25.Sep.2017,"$73,655.82 ",single,secondary,no,no,cellular,696,3,unknown,no,A02287
2288,Salvador  Bass,Male,51,California,Blue Collar,25.Sep.2017,"$84,669.21 ",married,tertiary,no,no,unknown,535,6,unknown,no,A02288
2289,Felicia  Jennings,Male,42,Nevada,Blue Collar,25.Sep.2017,"$122,468.99 ",married,secondary,no,no,cellular,131,3,unknown,no,A02289
2290,Cecilia  Manning,Male,45,Nevada,White Collar,25.Sep.2017,"$72,137.46 ",single,secondary,no,no,unknown,6,1,unknown,no,A02290
2291,Rachel  Gomez,Male,36,Nevada,Blue Collar,25.Sep.2017,"$23,440.33 ",married,tertiary,yes,no,cellular,105,1,unknown,no,A02291
2292,Isabel  Cross,Male,53,Nevada,Other,25.Sep.2017,"$100,776.52 ",married,secondary,no,no,unknown,370,1,unknown,no,A02292
2293,Brooke  Horton,Male,49,Nevada,Blue Collar,25.Sep.2017,"$1,304.90 ",single,tertiary,no,no,cellular,29,14,unknown,no,A02293
2294,Pauline  Beck,Male,41,Nevada,Blue Collar,25.Sep.2017,"$139,395.00 ",married,secondary,yes,yes,cellular,184,1,failure,no,A02294
2295,Ruben  Nunez,Male,52,Nevada,Other,25.Sep.2017,"$40,333.55 ",married,secondary,no,yes,cellular,47,2,other,no,A02295
2296,Lee  Mack,Male,45,Nevada,Blue Collar,25.Sep.2017,"$16,266.66 ",married,secondary,no,yes,unknown,193,4,unknown,no,A02296
2297,Arturo  Francis,Female,30,Wyoming,White Collar,25.Sep.2017,"$175,833.51 ",married,secondary,yes,no,cellular,709,2,unknown,yes,A02297
2298,Max  Rodgers,Male,37,Wyoming,Blue Collar,25.Sep.2017,"$120,632.69 ",married,tertiary,no,no,cellular,358,2,unknown,no,A02298
2299,Eddie  Green,Female,37,Oregon,Blue Collar,25.Sep.2017,"$89,506.40 ",married,tertiary,yes,no,unknown,253,1,unknown,no,A02299
2300,Cecilia  Manning,Male,34,California,White Collar,26.Sep.2017,"$121,455.52 ",married,tertiary,yes,no,unknown,197,3,unknown,no,A02300
2301,Patty  Thompson,Female,36,California,White Collar,26.Sep.2017,"$96,349.45 ",married,secondary,no,no,cellular,94,2,unknown,no,A02301
2302,Drew  Rogers,Male,28,California,Other,26.Sep.2017,"$17,648.33 ",divorced,secondary,no,yes,cellular,445,2,unknown,no,A02302
2303,Don  Gonzales,Female,45,California,Blue Collar,26.Sep.2017,"$33,461.72 ",single,secondary,yes,no,cellular,153,1,failure,no,A02303
2304,Elbert  Klein,Female,51,California,White Collar,26.Sep.2017,"$120,782.94 ",married,unknown,no,no,unknown,113,1,unknown,no,A02304
2305,Elvira  Bowman,Female,34,California,Other,26.Sep.2017,"$33,481.15 ",married,secondary,no,no,cellular,80,1,unknown,no,A02305
2306,Carla  Mccormick,Male,31,California,White Collar,26.Sep.2017,"$173,912.66 ",divorced,secondary,yes,no,unknown,318,1,unknown,no,A02306
2307,Lynette  Brewer,Female,43,California,White Collar,26.Sep.2017,"$158,313.48 ",married,tertiary,yes,no,cellular,100,1,failure,no,A02307
2308,Shari  Silva,Male,49,Nevada,Blue Collar,26.Sep.2017,"$112,864.94 ",divorced,tertiary,no,no,unknown,40,3,unknown,no,A02308
2309,Dan  Peterson,Female,45,Nevada,Other,26.Sep.2017,"$106,416.19 ",divorced,tertiary,yes,no,unknown,55,25,unknown,no,A02309
2310,Cindy  Becker,Male,48,Nevada,White Collar,26.Sep.2017,"$80,716.48 ",married,tertiary,no,no,cellular,67,1,unknown,no,A02310
2311,Brooke  Horton,Male,64,Nevada,Blue Collar,26.Sep.2017,"$15,409.75 ",married,tertiary,no,no,cellular,76,2,unknown,no,A02311
2312,Nellie  Joseph,Male,53,Nevada,Blue Collar,26.Sep.2017,"$97,707.34 ",married,tertiary,yes,no,unknown,73,1,unknown,no,A02312
2313,Cassandra  Franklin,Male,45,Nevada,Other,26.Sep.2017,"$115,133.64 ",married,secondary,yes,no,unknown,89,2,unknown,no,A02313
2314,Bobbie  Ryan,Female,20,Wyoming,White Collar,26.Sep.2017,"$48,988.97 ",divorced,tertiary,yes,no,cellular,109,3,unknown,no,A02314
2315,Drew  Rogers,Female,35,Wyoming,Blue Collar,26.Sep.2017,"$120,235.01 ",divorced,primary,no,no,cellular,98,1,unknown,no,A02315
2316,Donna  Reid,Female,34,Wyoming,White Collar,26.Sep.2017,"$20,908.63 ",single,tertiary,yes,no,unknown,21,17,unknown,no,A02316
2317,Rachel  Gomez,Female,19,Oregon,Blue Collar,26.Sep.2017,"$95,490.16 ",married,tertiary,yes,no,cellular,465,1,unknown,no,A02317
2318,Shari  Silva,Female,31,Oregon,Other,26.Sep.2017,"$41,293.97 ",single,primary,no,no,cellular,106,3,unknown,no,A02318
2319,Trevor  Jones,Female,40,Oregon,White Collar,26.Sep.2017,"$9,760.58 ",married,secondary,yes,no,cellular,304,1,failure,no,A02319
2320,Ernest  Davis,Male,27,California,White Collar,27.Sep.2017,"$81,557.21 ",married,secondary,no,no,cellular,342,3,unknown,no,A02320
2321,Kyle  Carr,Female,46,California,White Collar,27.Sep.2017,"$39,659.07 ",single,tertiary,no,no,unknown,16,25,unknown,no,A02321
2322,Robert  Munoz,Female,43,California,White Collar,27.Sep.2017,"$11,693.24 ",single,secondary,yes,no,unknown,543,2,unknown,yes,A02322
2323,Patty  Thompson,Male,40,California,Blue Collar,27.Sep.2017,"$106,519.07 ",married,primary,no,no,cellular,338,3,unknown,no,A02323
2324,Tracy  Reed,Male,37,California,Other,27.Sep.2017,"$9,001.19 ",married,secondary,no,no,cellular,197,5,unknown,no,A02324
2325,Tiffany  May,Female,45,California,Other,27.Sep.2017,"$101,925.93 ",married,secondary,yes,yes,unknown,956,2,unknown,no,A02325
2326,Lance  Yates,Female,45,California,White Collar,27.Sep.2017,"$88,579.36 ",single,secondary,yes,no,cellular,95,1,other,no,A02326
2327,Andrew  Meyer,Male,31,California,White Collar,27.Sep.2017,"$18,499.12 ",married,secondary,yes,no,unknown,546,9,unknown,no,A02327
2328,Jenny  Garcia,Female,37,California,Blue Collar,27.Sep.2017,"$38,772.21 ",married,secondary,yes,yes,unknown,124,4,unknown,no,A02328
2329,Bobbie  Ryan,Female,53,Nevada,Other,27.Sep.2017,"$62,244.13 ",single,secondary,yes,no,cellular,113,4,unknown,no,A02329
2330,Della  Jensen,Male,58,Nevada,Other,27.Sep.2017,"$87,631.30 ",divorced,secondary,yes,no,cellular,245,3,unknown,no,A02330
2331,Blake  Bridges,Male,52,Nevada,Blue Collar,27.Sep.2017,"$95,610.03 ",single,secondary,yes,no,cellular,188,2,unknown,no,A02331
2332,Allan  Ramos,Male,54,Nevada,Blue Collar,27.Sep.2017,"$51,912.76 ",single,tertiary,no,no,cellular,199,5,unknown,no,A02332
2333,Isabel  Cross,Male,50,Nevada,Blue Collar,27.Sep.2017,"$4,844.30 ",married,tertiary,yes,no,cellular,470,7,other,yes,A02333
2334,Lee  Mack,Male,33,Wyoming,Blue Collar,27.Sep.2017,"$162,199.55 ",married,secondary,no,no,unknown,90,1,unknown,no,A02334
2335,Kyle  Carr,Male,36,Wyoming,White Collar,27.Sep.2017,"$215,236.99 ",married,secondary,yes,no,unknown,350,5,unknown,no,A02335
2336,Elbert  Klein,Female,27,Wyoming,White Collar,27.Sep.2017,"$49,434.57 ",single,tertiary,yes,no,cellular,31,1,failure,no,A02336
2337,Lynette  Brewer,Female,40,Oregon,White Collar,27.Sep.2017,"$59,796.54 ",married,tertiary,yes,no,cellular,156,1,unknown,no,A02337
2338,Robert  Munoz,Male,40,California,Blue Collar,28.Sep.2017,"$44,376.76 ",married,tertiary,yes,no,unknown,299,1,unknown,no,A02338
2339,Max  Rodgers,Female,31,California,Other,28.Sep.2017,"$160,100.90 ",married,secondary,no,no,cellular,510,2,unknown,no,A02339
2340,Ruben  Nunez,Male,37,California,White Collar,28.Sep.2017,"$50,850.55 ",married,secondary,yes,no,cellular,177,4,unknown,no,A02340
2341,Isabel  Cross,Male,41,California,Other,28.Sep.2017,"$15,649.61 ",married,secondary,no,no,cellular,123,2,unknown,no,A02341
2342,Cassandra  Franklin,Female,30,California,Blue Collar,28.Sep.2017,"$20,471.79 ",married,secondary,no,no,cellular,270,1,unknown,no,A02342
2343,Rachel  Gomez,Female,31,California,White Collar,28.Sep.2017,"$18,652.43 ",married,primary,yes,no,unknown,225,4,unknown,no,A02343
2344,Trevor  Jones,Female,22,California,White Collar,28.Sep.2017,"$125,556.63 ",married,tertiary,no,no,cellular,63,1,unknown,no,A02344
2345,Elaine  Ellis,Male,45,California,White Collar,28.Sep.2017,"$109,951.49 ",married,tertiary,yes,no,unknown,247,13,unknown,no,A02345
2346,Max  Rodgers,Female,29,California,White Collar,28.Sep.2017,"$155,136.18 ",single,secondary,yes,yes,cellular,206,5,failure,no,A02346
2347,Allan  Ramos,Male,50,California,White Collar,28.Sep.2017,"$39,279.16 ",married,tertiary,yes,no,unknown,168,2,unknown,no,A02347
2348,Max  Rodgers,Male,41,California,White Collar,28.Sep.2017,"$106,086.78 ",single,tertiary,yes,no,unknown,836,12,unknown,no,A02348
2349,Cassandra  Franklin,Male,59,Nevada,Blue Collar,28.Sep.2017,"$102,097.39 ",single,tertiary,no,no,cellular,131,2,unknown,no,A02349
2350,Isabel  Cross,Male,47,Nevada,Blue Collar,28.Sep.2017,"$21,301.82 ",single,secondary,yes,yes,unknown,89,1,unknown,no,A02350
2351,Elaine  Ellis,Female,55,Nevada,Other,28.Sep.2017,"$18,256.48 ",married,secondary,yes,no,cellular,116,4,unknown,no,A02351
2352,Sandra  Floyd,Male,37,Nevada,Blue Collar,28.Sep.2017,"$137,139.97 ",married,unknown,no,no,unknown,58,1,unknown,no,A02352
2353,Cindy  Becker,Male,64,Nevada,Blue Collar,28.Sep.2017,"$208,081.93 ",married,secondary,no,no,unknown,36,1,unknown,no,A02353
2354,Don  Gonzales,Male,45,Nevada,Blue Collar,28.Sep.2017,"$136,952.55 ",married,secondary,yes,no,cellular,240,2,unknown,no,A02354
2355,Blake  Bridges,Female,38,Nevada,Other,28.Sep.2017,"$103,813.54 ",single,secondary,no,no,cellular,132,4,unknown,no,A02355
2356,Kyle  Carr,Female,59,Nevada,Other,28.Sep.2017,"$9,960.76 ",married,secondary,yes,yes,cellular,544,1,unknown,no,A02356
2357,Andrew  Meyer,Female,58,Nevada,Other,28.Sep.2017,"$80,467.34 ",married,secondary,yes,yes,unknown,266,1,unknown,no,A02357
2358,Eddie  Green,Male,61,Nevada,Blue Collar,28.Sep.2017,"$28,547.81 ",single,secondary,no,no,cellular,443,2,unknown,no,A02358
2359,Cassandra  Franklin,Female,32,Wyoming,Other,28.Sep.2017,"$29,780.69 ",married,primary,yes,no,cellular,324,1,unknown,no,A02359
2360,Isabel  Cross,Female,35,Oregon,Other,28.Sep.2017,"$115,060.27 ",single,secondary,yes,no,cellular,15,10,failure,no,A02360
2361,Brooke  Horton,Male,41,Oregon,White Collar,28.Sep.2017,"$127,144.66 ",married,primary,no,no,cellular,263,2,unknown,no,A02361
2362,Paulette  Spencer,Female,33,California,White Collar,29.Sep.2017,"$6,826.88 ",divorced,secondary,yes,no,unknown,199,1,unknown,no,A02362
2363,Andrew  Meyer,Female,30,California,White Collar,29.Sep.2017,"$116,608.15 ",married,secondary,yes,no,cellular,145,2,unknown,no,A02363
2364,Shari  Silva,Female,35,California,White Collar,29.Sep.2017,"$23,999.79 ",divorced,tertiary,no,yes,cellular,56,1,unknown,no,A02364
2365,Lynette  Brewer,Male,49,California,Other,29.Sep.2017,"$7,066.88 ",married,secondary,yes,no,cellular,11,9,unknown,no,A02365
2366,Elaine  Ellis,Male,31,California,White Collar,29.Sep.2017,"$54,518.49 ",divorced,secondary,yes,no,cellular,411,1,other,no,A02366
2367,Max  Rodgers,Male,34,California,Blue Collar,29.Sep.2017,"$201,727.16 ",single,secondary,no,no,cellular,165,23,unknown,no,A02367
2368,Shari  Silva,Male,37,California,White Collar,29.Sep.2017,"$136,812.30 ",single,unknown,yes,no,unknown,619,3,unknown,no,A02368
2369,Lorraine  Gibson,Male,26,California,White Collar,29.Sep.2017,"$91,904.72 ",married,secondary,yes,no,cellular,203,1,unknown,no,A02369
2370,Ruben  Nunez,Female,32,California,White Collar,29.Sep.2017,"$29,842.97 ",married,secondary,yes,no,unknown,254,1,unknown,no,A02370
2371,Jenny  Garcia,Male,33,California,White Collar,29.Sep.2017,"$35,336.93 ",single,secondary,yes,no,cellular,1149,6,unknown,yes,A02371
2372,Lula  Daniels,Female,26,California,White Collar,29.Sep.2017,"$20,649.43 ",divorced,tertiary,yes,no,unknown,189,1,unknown,no,A02372
2373,Elvira  Bowman,Male,34,California,Blue Collar,29.Sep.2017,"$45,956.78 ",single,secondary,yes,no,cellular,707,2,success,yes,A02373
2374,Salvador  Bass,Male,38,Nevada,Blue Collar,29.Sep.2017,"$65,046.42 ",married,secondary,yes,no,cellular,196,1,unknown,no,A02374
2375,Trevor  Jones,Male,45,Nevada,Other,29.Sep.2017,"$96,405.81 ",divorced,secondary,yes,no,unknown,171,1,unknown,no,A02375
2376,Christy  Olson,Male,43,Nevada,Blue Collar,29.Sep.2017,"$86,243.88 ",single,secondary,no,no,cellular,1451,2,unknown,yes,A02376
2377,Charlie  Wood,Male,46,Nevada,White Collar,29.Sep.2017,"$18,630.22 ",married,secondary,yes,no,unknown,563,1,unknown,yes,A02377
2378,Isabel  Cross,Male,58,Nevada,Other,29.Sep.2017,"$10,723.28 ",single,secondary,no,no,cellular,239,4,unknown,no,A02378
2379,Lance  Yates,Male,43,Nevada,Blue Collar,29.Sep.2017,"$31,717.57 ",married,secondary,yes,no,telephone,73,6,unknown,no,A02379
2380,Cassandra  Franklin,Female,39,Wyoming,White Collar,29.Sep.2017,"$149,447.34 ",divorced,secondary,yes,no,cellular,203,2,failure,no,A02380
2381,Brooke  Horton,Female,43,Oregon,Other,29.Sep.2017,"$32,248.49 ",single,secondary,yes,no,cellular,158,1,success,no,A02381
2382,Shari  Silva,Female,24,Oregon,Other,29.Sep.2017,"$1,341.76 ",married,secondary,no,no,cellular,100,4,unknown,no,A02382
2383,Beth  Tucker,Female,24,Oregon,White Collar,29.Sep.2017,"$25,890.34 ",single,tertiary,no,yes,cellular,160,1,unknown,no,A02383
2384,Elbert  Klein,Female,33,California,White Collar,30.Sep.2017,"$45,452.30 ",single,secondary,yes,no,cellular,661,1,unknown,no,A02384
2385,Brooke  Horton,Male,28,California,White Collar,30.Sep.2017,"$110,138.31 ",married,tertiary,yes,no,cellular,166,1,unknown,no,A02385
2386,Salvador  Bass,Female,46,California,White Collar,30.Sep.2017,"$168,015.25 ",married,secondary,yes,yes,cellular,114,2,unknown,no,A02386
2387,Marian  Hill,Male,29,California,White Collar,30.Sep.2017,"$87,640.60 ",married,tertiary,yes,no,unknown,58,1,unknown,no,A02387
2388,Brooke  Horton,Female,38,California,Blue Collar,30.Sep.2017,"$5,612.06 ",married,primary,yes,no,telephone,25,8,unknown,no,A02388
2389,Marion  Glover,Female,45,California,Other,30.Sep.2017,"$18,278.55 ",married,secondary,yes,no,cellular,121,2,unknown,no,A02389
2390,Isabel  Cross,Female,45,California,White Collar,30.Sep.2017,"$183,819.06 ",married,tertiary,no,yes,unknown,226,4,unknown,no,A02390
2391,Cindy  Becker,Male,29,California,White Collar,30.Sep.2017,"$14,892.76 ",single,secondary,no,yes,unknown,234,2,unknown,no,A02391
2392,Tiffany  May,Male,30,California,Other,30.Sep.2017,"$31,074.99 ",divorced,tertiary,no,yes,cellular,88,1,unknown,no,A02392
2393,Brooke  Horton,Male,40,Nevada,Blue Collar,30.Sep.2017,"$96,247.85 ",married,tertiary,yes,yes,unknown,85,1,unknown,no,A02393
2394,Andrew  Meyer,Female,44,Nevada,Other,30.Sep.2017,"$36,768.76 ",married,secondary,yes,no,cellular,134,1,unknown,no,A02394
2395,Cindy  Becker,Male,45,Nevada,Other,30.Sep.2017,"$120,995.69 ",married,secondary,no,no,cellular,251,3,unknown,no,A02395
2396,Kyle  Carr,Male,57,Nevada,Blue Collar,30.Sep.2017,"$73,667.82 ",single,secondary,yes,no,cellular,152,1,unknown,no,A02396
2397,Herman  Williams,Male,50,Nevada,Blue Collar,30.Sep.2017,"$51,849.51 ",married,tertiary,no,no,cellular,202,1,failure,no,A02397
2398,Mable  Lindsey,Male,55,Nevada,Blue Collar,30.Sep.2017,"$42,955.93 ",single,primary,yes,no,unknown,379,17,unknown,no,A02398
2399,Carla  Mccormick,Female,57,Nevada,Other,30.Sep.2017,"$6,007.43 ",married,secondary,no,yes,cellular,123,6,unknown,no,A02399
2400,Max  Rodgers,Female,36,Wyoming,Blue Collar,30.Sep.2017,"$22,752.67 ",married,secondary,no,no,cellular,156,2,unknown,no,A02400
2401,Shari  Silva,Female,21,Oregon,Other,30.Sep.2017,"$75,649.37 ",married,secondary,no,no,unknown,332,1,unknown,no,A02401
2402,Trevor  Jones,Male,47,California,White Collar,01.Oct.2017,"$13,378.60 ",married,tertiary,yes,no,telephone,90,3,unknown,no,A02402
2403,Bobbie  Ryan,Male,33,California,White Collar,01.Oct.2017,"$19,455.76 ",married,primary,yes,no,telephone,291,1,unknown,no,A02403
2404,Max  Rodgers,Male,43,California,White Collar,01.Oct.2017,"$47,521.27 ",married,secondary,yes,no,telephone,23,2,unknown,no,A02404
2405,Billie  Chandler,Female,34,California,White Collar,01.Oct.2017,"$72,680.36 ",married,primary,no,no,cellular,122,2,unknown,no,A02405
2406,Carla  Mccormick,Female,32,California,White Collar,01.Oct.2017,"$47,274.90 ",married,secondary,yes,yes,cellular,105,2,failure,no,A02406
2407,Brooke  Horton,Male,34,California,Blue Collar,01.Oct.2017,"$31,880.45 ",married,secondary,yes,no,telephone,1143,4,unknown,no,A02407
2408,Ruben  Nunez,Male,29,California,White Collar,01.Oct.2017,"$8,304.48 ",married,primary,no,no,unknown,70,3,unknown,no,A02408
2409,Bethany  Pena,Male,53,Nevada,Blue Collar,01.Oct.2017,"$64,589.96 ",married,secondary,yes,no,cellular,264,2,unknown,no,A02409
2410,Jenny  Garcia,Male,52,Nevada,Blue Collar,01.Oct.2017,"$70,553.25 ",single,secondary,no,no,cellular,204,2,unknown,no,A02410
2411,Johanna  Boone,Female,56,Nevada,Other,01.Oct.2017,"$14,968.24 ",single,tertiary,yes,no,cellular,182,1,unknown,no,A02411
2412,Cassandra  Franklin,Male,54,Nevada,Blue Collar,01.Oct.2017,"$52,218.55 ",divorced,secondary,yes,no,cellular,386,2,unknown,no,A02412
2413,Shari  Silva,Female,51,Nevada,Other,01.Oct.2017,"$8,158.51 ",married,primary,no,yes,unknown,295,3,unknown,no,A02413
2414,Tracy  Reed,Male,37,California,White Collar,02.Oct.2017,"$42,998.49 ",married,secondary,yes,no,cellular,86,2,unknown,no,A02414
2415,Ellen  Weaver,Female,41,California,Other,02.Oct.2017,"$29,757.94 ",married,secondary,no,no,cellular,16,20,unknown,no,A02415
2416,Cecilia  Manning,Female,32,California,White Collar,02.Oct.2017,"$74,791.30 ",married,tertiary,no,no,cellular,413,2,unknown,no,A02416
2417,Edwin  Malone,Female,34,California,White Collar,02.Oct.2017,"$35,829.76 ",single,tertiary,yes,yes,unknown,323,3,unknown,no,A02417
2418,Cassandra  Franklin,Male,38,California,Other,02.Oct.2017,"$88,448.99 ",married,tertiary,no,no,cellular,78,3,unknown,no,A02418
2419,Rachel  Gomez,Female,33,California,White Collar,02.Oct.2017,"$68,708.69 ",single,tertiary,no,no,cellular,121,3,unknown,no,A02419
2420,Lula  Daniels,Female,42,California,White Collar,02.Oct.2017,"$22,370.61 ",single,secondary,no,yes,cellular,477,1,unknown,yes,A02420
2421,Cecilia  Manning,Male,28,California,White Collar,02.Oct.2017,"$21,563.61 ",married,tertiary,no,no,cellular,265,1,unknown,no,A02421
2422,Rachel  Gomez,Male,28,California,White Collar,02.Oct.2017,"$34,440.96 ",single,tertiary,no,no,cellular,418,2,unknown,yes,A02422
2423,Salvador  Bass,Male,33,California,White Collar,02.Oct.2017,"$72,067.70 ",married,primary,yes,no,cellular,386,4,unknown,no,A02423
2424,Shari  Silva,Female,41,California,Blue Collar,02.Oct.2017,"$1,437.48 ",single,secondary,no,no,unknown,594,2,unknown,no,A02424
2425,Cecilia  Manning,Male,31,California,Blue Collar,02.Oct.2017,"$118,377.79 ",married,tertiary,no,no,cellular,161,1,unknown,no,A02425
2426,Nellie  Joseph,Male,48,Nevada,Blue Collar,02.Oct.2017,"$81,816.25 ",married,secondary,yes,yes,cellular,450,3,unknown,no,A02426
2427,Nellie  Joseph,Female,40,Nevada,Other,02.Oct.2017,"$54,522.01 ",married,secondary,yes,no,cellular,217,6,unknown,no,A02427
2428,Kyle  Carr,Male,36,Wyoming,White Collar,02.Oct.2017,"$34,762.54 ",single,tertiary,no,no,cellular,136,1,unknown,no,A02428
2429,Austin  Reynolds,Female,43,California,White Collar,03.Oct.2017,"$64,136.91 ",single,secondary,yes,no,unknown,322,1,unknown,no,A02429
2430,Lance  Yates,Male,36,California,White Collar,03.Oct.2017,"$33,842.19 ",single,secondary,no,no,cellular,104,1,failure,no,A02430
2431,Brooke  Horton,Male,40,California,White Collar,03.Oct.2017,"$18,838.27 ",married,secondary,no,yes,cellular,189,2,failure,no,A02431
2432,Blake  Bridges,Female,43,California,White Collar,03.Oct.2017,"$34,701.61 ",married,secondary,no,no,cellular,250,4,failure,yes,A02432
2433,Brooke  Horton,Female,45,California,White Collar,03.Oct.2017,"$79,903.28 ",divorced,tertiary,no,no,cellular,123,5,unknown,no,A02433
2434,Andrew  Meyer,Male,32,California,White Collar,03.Oct.2017,"$24,069.12 ",married,primary,no,no,cellular,427,1,failure,yes,A02434
2435,Salvador  Bass,Male,36,California,White Collar,03.Oct.2017,"$65,494.70 ",single,secondary,no,yes,cellular,632,2,unknown,no,A02435
2436,Beth  Tucker,Male,40,California,White Collar,03.Oct.2017,"$11,552.82 ",married,tertiary,yes,no,cellular,101,3,unknown,no,A02436
2437,Drew  Rogers,Male,33,California,White Collar,03.Oct.2017,"$59,140.31 ",married,secondary,no,no,cellular,467,2,other,yes,A02437
2438,Sandra  Floyd,Female,30,California,White Collar,03.Oct.2017,"$206,097.36 ",single,secondary,yes,no,cellular,640,2,unknown,no,A02438
2439,Robert  Munoz,Male,42,California,White Collar,03.Oct.2017,"$49,213.04 ",married,tertiary,yes,yes,cellular,517,1,failure,no,A02439
2440,Peter  Hodges,Female,28,California,White Collar,03.Oct.2017,"$113,886.21 ",married,secondary,yes,no,unknown,160,3,unknown,no,A02440
2441,Beth  Tucker,Male,26,Nevada,Blue Collar,03.Oct.2017,"$104,332.79 ",divorced,tertiary,yes,no,cellular,177,3,unknown,no,A02441
2442,Pauline  Beck,Male,52,Nevada,Blue Collar,03.Oct.2017,"$59,717.06 ",married,secondary,yes,no,unknown,206,1,unknown,no,A02442
2443,Eric  Rose,Male,58,Nevada,Blue Collar,03.Oct.2017,"$46,389.75 ",married,secondary,yes,no,unknown,208,2,unknown,no,A02443
2444,Marian  Hill,Male,47,Nevada,Other,03.Oct.2017,"$130,848.25 ",single,tertiary,yes,no,cellular,169,1,unknown,no,A02444
2445,Eddie  Green,Female,48,Nevada,Other,03.Oct.2017,"$18,514.07 ",married,secondary,yes,no,cellular,287,2,failure,yes,A02445
2446,Marion  Glover,Male,50,Nevada,Blue Collar,03.Oct.2017,"$32,664.06 ",married,tertiary,yes,yes,cellular,505,3,unknown,no,A02446
2447,Don  Gonzales,Male,58,Nevada,Blue Collar,03.Oct.2017,"$19,745.49 ",married,secondary,yes,no,cellular,284,2,failure,no,A02447
2448,Robert  Munoz,Male,41,Wyoming,Blue Collar,03.Oct.2017,"$49,009.00 ",married,primary,no,no,cellular,89,4,failure,no,A02448
2449,Edwin  Malone,Male,27,California,Blue Collar,04.Oct.2017,"$11,021.48 ",single,tertiary,no,no,cellular,138,1,unknown,no,A02449
2450,Lance  Yates,Female,42,California,Other,04.Oct.2017,"$15,763.28 ",married,tertiary,no,no,cellular,321,3,success,yes,A02450
2451,Cindy  Becker,Male,41,California,White Collar,04.Oct.2017,"$80,978.97 ",married,primary,yes,no,unknown,262,4,unknown,no,A02451
2452,Patty  Thompson,Female,25,California,Blue Collar,04.Oct.2017,"$8,193.66 ",married,secondary,no,no,cellular,61,1,unknown,no,A02452
2453,Christina  Fuller,Female,34,California,White Collar,04.Oct.2017,"$15,810.63 ",divorced,tertiary,yes,no,cellular,217,9,unknown,no,A02453
2454,Elvira  Bowman,Male,47,California,White Collar,04.Oct.2017,"$80,279.78 ",married,tertiary,yes,yes,cellular,192,2,unknown,no,A02454
2455,Christina  Fuller,Female,28,California,White Collar,04.Oct.2017,"$29,650.64 ",married,tertiary,no,no,cellular,174,2,unknown,no,A02455
2456,Edwin  Malone,Male,44,California,Other,04.Oct.2017,"$80,688.19 ",married,secondary,no,no,unknown,292,2,unknown,no,A02456
2457,Lynette  Brewer,Male,39,California,Blue Collar,04.Oct.2017,"$14,845.40 ",married,primary,yes,no,unknown,240,2,unknown,no,A02457
2458,Brooke  Horton,Female,38,California,White Collar,04.Oct.2017,"$101,255.66 ",divorced,secondary,no,no,cellular,282,2,unknown,no,A02458
2459,Austin  Reynolds,Male,37,California,White Collar,04.Oct.2017,"$28,377.70 ",married,secondary,yes,yes,telephone,128,6,unknown,no,A02459
2460,Donna  Reid,Male,22,California,White Collar,04.Oct.2017,"$1,165.45 ",married,primary,no,no,telephone,161,1,unknown,no,A02460
2461,Rachel  Gomez,Male,34,California,White Collar,04.Oct.2017,"$149,154.97 ",single,primary,yes,no,cellular,291,1,failure,no,A02461
2462,Isabel  Cross,Female,49,Nevada,White Collar,04.Oct.2017,"$96,598.12 ",single,secondary,yes,no,cellular,356,1,unknown,no,A02462
2463,Jenny  Garcia,Female,53,Nevada,Other,04.Oct.2017,"$11,771.64 ",married,tertiary,yes,no,unknown,294,2,unknown,no,A02463
2464,Carla  Mccormick,Female,36,California,White Collar,05.Oct.2017,"$77,035.21 ",single,unknown,no,no,unknown,422,1,unknown,no,A02464
2465,Shari  Silva,Female,34,California,White Collar,05.Oct.2017,"$13,859.70 ",single,tertiary,yes,no,unknown,806,1,unknown,yes,A02465
2466,Brooke  Horton,Female,27,California,Blue Collar,05.Oct.2017,"$5,179.45 ",single,primary,no,no,unknown,227,1,unknown,no,A02466
2467,Iris  Underwood,Female,35,California,Blue Collar,05.Oct.2017,"$58,278.30 ",married,secondary,no,no,cellular,560,2,unknown,no,A02467
2468,Elvira  Bowman,Male,42,California,White Collar,05.Oct.2017,$548.57 ,single,secondary,yes,no,cellular,135,1,unknown,no,A02468
2469,Herman  Williams,Male,22,California,White Collar,05.Oct.2017,"$99,223.67 ",single,secondary,yes,no,unknown,361,1,unknown,no,A02469
2470,Robert  Munoz,Male,61,Nevada,Other,05.Oct.2017,"$52,746.34 ",married,primary,yes,yes,cellular,246,1,unknown,no,A02470
2471,Bernadette  Page,Female,44,Wyoming,Other,05.Oct.2017,"$2,810.79 ",married,tertiary,yes,no,cellular,419,2,unknown,no,A02471
2472,Isabel  Cross,Female,46,Oregon,Other,05.Oct.2017,"$66,976.30 ",single,secondary,no,no,cellular,449,2,other,yes,A02472
2473,Drew  Rogers,Male,31,California,Blue Collar,06.Oct.2017,"$84,777.60 ",married,secondary,yes,no,cellular,71,1,unknown,no,A02473
2474,Shari  Silva,Female,22,California,Blue Collar,06.Oct.2017,"$3,434.19 ",married,tertiary,yes,no,cellular,357,3,unknown,no,A02474
2475,Salvador  Bass,Female,25,California,White Collar,06.Oct.2017,"$44,432.18 ",married,tertiary,yes,no,cellular,164,2,failure,no,A02475
2476,Don  Gonzales,Male,47,California,White Collar,06.Oct.2017,"$95,142.97 ",divorced,secondary,yes,no,unknown,263,4,unknown,no,A02476
2477,Drew  Rogers,Male,26,California,White Collar,06.Oct.2017,"$121,624.54 ",married,secondary,no,no,unknown,146,2,unknown,no,A02477
2478,Della  Jensen,Female,38,California,Other,06.Oct.2017,"$55,434.93 ",married,primary,no,no,cellular,759,2,unknown,yes,A02478
2479,Patty  Thompson,Male,37,California,White Collar,06.Oct.2017,"$41,083.28 ",divorced,secondary,no,no,cellular,72,2,failure,no,A02479
2480,Brooke  Horton,Female,27,California,Blue Collar,06.Oct.2017,"$171,968.72 ",married,secondary,yes,yes,cellular,131,2,unknown,no,A02480
2481,Brooke  Horton,Female,25,California,Blue Collar,06.Oct.2017,"$46,436.33 ",divorced,secondary,no,yes,cellular,808,2,unknown,yes,A02481
2482,Trevor  Jones,Female,20,California,White Collar,06.Oct.2017,"$111,760.03 ",married,tertiary,no,no,cellular,1183,1,unknown,no,A02482
2483,Ernest  Davis,Female,45,Nevada,Other,06.Oct.2017,"$37,301.91 ",married,secondary,no,no,cellular,123,3,unknown,no,A02483
2484,Brooke  Horton,Male,50,Nevada,Blue Collar,06.Oct.2017,"$2,336.63 ",married,secondary,yes,no,unknown,483,2,unknown,no,A02484
2485,Cassandra  Franklin,Female,53,Nevada,Other,06.Oct.2017,"$19,058.12 ",single,tertiary,no,no,cellular,238,3,unknown,no,A02485
2486,Patty  Thompson,Female,52,Nevada,Other,06.Oct.2017,"$9,285.40 ",married,tertiary,yes,no,cellular,90,1,unknown,no,A02486
2487,Carla  Mccormick,Male,58,Nevada,Blue Collar,06.Oct.2017,"$77,197.96 ",married,unknown,no,no,cellular,464,1,failure,yes,A02487
2488,Robert  Munoz,Male,42,Wyoming,White Collar,06.Oct.2017,"$8,111.96 ",divorced,tertiary,no,no,cellular,385,9,unknown,no,A02488
2489,Cecilia  Manning,Male,37,Wyoming,White Collar,06.Oct.2017,"$19,410.37 ",married,secondary,yes,no,unknown,240,2,unknown,no,A02489
2490,Max  Rodgers,Male,31,Wyoming,Blue Collar,06.Oct.2017,"$59,821.91 ",married,primary,no,yes,cellular,104,1,unknown,no,A02490
2491,Marian  Hill,Female,24,Wyoming,Blue Collar,06.Oct.2017,"$24,665.69 ",married,secondary,no,no,cellular,109,2,unknown,no,A02491
2492,Brooke  Horton,Female,36,Wyoming,White Collar,06.Oct.2017,"$2,351.61 ",married,primary,no,no,cellular,598,4,unknown,no,A02492
2493,Elaine  Ellis,Female,43,California,Blue Collar,07.Oct.2017,"$31,337.07 ",single,tertiary,yes,no,unknown,274,8,unknown,no,A02493
2494,Isabel  Cross,Female,38,California,White Collar,07.Oct.2017,"$50,132.33 ",single,secondary,no,no,cellular,123,2,unknown,no,A02494
2495,Joey  Wong,Male,30,California,White Collar,07.Oct.2017,"$81,241.55 ",divorced,secondary,no,yes,cellular,70,1,unknown,no,A02495
2496,Austin  Reynolds,Male,37,California,White Collar,07.Oct.2017,"$36,726.36 ",single,tertiary,yes,no,unknown,260,1,unknown,no,A02496
2497,Bernadette  Page,Female,36,California,White Collar,07.Oct.2017,"$166,224.93 ",single,tertiary,yes,no,cellular,190,3,unknown,no,A02497
2498,Lance  Yates,Male,30,California,White Collar,07.Oct.2017,"$60,428.81 ",married,primary,yes,no,unknown,521,2,unknown,no,A02498
2499,Drew  Rogers,Male,32,Nevada,Blue Collar,07.Oct.2017,"$1,044.99 ",married,secondary,yes,no,cellular,228,1,unknown,no,A02499
2500,Trevor  Jones,Male,56,Nevada,Blue Collar,07.Oct.2017,"$31,634.90 ",married,tertiary,no,no,telephone,466,4,unknown,yes,A02500
2501,Ivan  Adkins,Male,59,Nevada,Blue Collar,07.Oct.2017,"$1,029.85 ",single,tertiary,no,no,cellular,74,2,unknown,no,A02501
2502,Andrew  Meyer,Female,26,Wyoming,White Collar,07.Oct.2017,"$56,104.03 ",married,secondary,yes,no,unknown,57,2,unknown,no,A02502
2503,Tracy  Reed,Male,28,California,Blue Collar,08.Oct.2017,"$153,659.69 ",married,secondary,no,no,cellular,119,3,unknown,no,A02503
2504,Jenny  Garcia,Female,35,California,Other,08.Oct.2017,"$62,927.18 ",married,tertiary,no,no,cellular,124,2,unknown,no,A02504
2505,Bobbie  Ryan,Male,46,California,Blue Collar,08.Oct.2017,"$33,309.09 ",married,secondary,yes,yes,cellular,65,50,unknown,no,A02505
2506,Ellen  Weaver,Male,41,California,White Collar,08.Oct.2017,"$42,505.25 ",divorced,tertiary,no,yes,cellular,127,6,unknown,no,A02506
2507,Cecilia  Manning,Female,42,California,White Collar,08.Oct.2017,"$82,377.01 ",married,secondary,yes,no,cellular,172,3,unknown,no,A02507
2508,Ernest  Davis,Male,42,California,White Collar,08.Oct.2017,"$49,699.48 ",single,secondary,yes,no,cellular,174,6,unknown,no,A02508
2509,Christina  Fuller,Male,30,California,Blue Collar,08.Oct.2017,"$3,884.58 ",married,unknown,no,no,telephone,41,6,unknown,no,A02509
2510,Brooke  Horton,Male,37,California,Blue Collar,08.Oct.2017,"$42,366.00 ",married,primary,yes,no,unknown,232,3,unknown,no,A02510
2511,Don  Gonzales,Male,37,California,Other,08.Oct.2017,"$13,162.55 ",divorced,secondary,no,yes,unknown,161,1,unknown,no,A02511
2512,Brooke  Horton,Female,41,California,White Collar,08.Oct.2017,"$53,989.78 ",married,primary,no,no,cellular,124,1,unknown,no,A02512
2513,Della  Jensen,Female,31,California,White Collar,08.Oct.2017,"$15,688.45 ",married,primary,no,yes,unknown,701,1,unknown,yes,A02513
2514,Bobbie  Ryan,Male,62,Nevada,Blue Collar,08.Oct.2017,"$124,768.36 ",married,primary,yes,no,unknown,162,2,unknown,no,A02514
2515,Tiffany  May,Male,46,Nevada,Other,08.Oct.2017,"$114,328.49 ",single,unknown,yes,no,unknown,431,2,unknown,no,A02515
2516,Fernando  Rowe,Male,54,Nevada,Blue Collar,08.Oct.2017,"$143,819.28 ",married,secondary,yes,no,cellular,191,3,unknown,no,A02516
2517,Max  Rodgers,Female,60,Nevada,Other,08.Oct.2017,"$71,553.81 ",married,tertiary,yes,no,cellular,249,5,unknown,no,A02517
2518,Brooke  Horton,Male,44,Nevada,Blue Collar,08.Oct.2017,"$9,995.06 ",married,unknown,yes,no,unknown,189,1,unknown,no,A02518
2519,Guillermo  Potter,Male,52,Nevada,Blue Collar,08.Oct.2017,"$1,006.10 ",single,secondary,no,no,cellular,167,4,unknown,no,A02519
2520,Woodrow  Colon,Female,44,Wyoming,White Collar,08.Oct.2017,"$141,375.27 ",single,tertiary,no,no,cellular,73,4,unknown,no,A02520
2521,Mable  Lindsey,Female,20,Oregon,Other,08.Oct.2017,"$14,488.00 ",divorced,tertiary,yes,no,unknown,162,1,unknown,no,A02521
2522,Sylvester  Morales,Female,40,Oregon,Blue Collar,08.Oct.2017,"$87,597.28 ",married,secondary,yes,no,cellular,235,2,unknown,no,A02522
2523,Shari  Silva,Male,40,California,Blue Collar,09.Oct.2017,"$61,747.06 ",divorced,secondary,no,no,cellular,44,1,unknown,no,A02523
2524,Salvador  Bass,Female,31,California,White Collar,09.Oct.2017,"$31,272.10 ",divorced,tertiary,yes,yes,unknown,127,2,unknown,no,A02524
2525,Lance  Yates,Male,33,California,Blue Collar,09.Oct.2017,"$19,100.96 ",married,secondary,yes,no,cellular,93,3,failure,no,A02525
2526,Jenny  Garcia,Female,34,California,White Collar,09.Oct.2017,"$44,778.97 ",married,unknown,no,no,cellular,143,1,other,no,A02526
2527,Brooke  Horton,Male,27,California,White Collar,09.Oct.2017,"$12,119.63 ",single,tertiary,yes,no,cellular,81,2,unknown,no,A02527
2528,Austin  Reynolds,Male,34,California,White Collar,09.Oct.2017,"$4,498.30 ",single,secondary,yes,yes,unknown,77,2,unknown,no,A02528
2529,Drew  Rogers,Female,36,California,White Collar,09.Oct.2017,"$36,084.04 ",married,secondary,yes,no,unknown,115,4,unknown,no,A02529
2530,Sylvester  Morales,Female,39,California,White Collar,09.Oct.2017,"$50,301.67 ",single,tertiary,no,no,unknown,125,1,failure,no,A02530
2531,Eddie  Green,Female,38,California,White Collar,09.Oct.2017,"$53,717.94 ",single,tertiary,no,no,cellular,53,4,unknown,no,A02531
2532,Salvador  Bass,Male,30,California,White Collar,09.Oct.2017,"$30,389.97 ",married,unknown,no,no,telephone,77,2,unknown,no,A02532
2533,Sylvester  Morales,Male,47,Nevada,Blue Collar,09.Oct.2017,"$25,781.09 ",divorced,secondary,yes,no,telephone,45,1,unknown,no,A02533
2534,Lynette  Brewer,Female,52,Nevada,Blue Collar,09.Oct.2017,"$52,073.60 ",married,tertiary,no,no,cellular,74,2,unknown,no,A02534
2535,Cindy  Becker,Male,60,Nevada,Blue Collar,09.Oct.2017,"$17,406.51 ",married,primary,no,no,cellular,169,5,unknown,no,A02535
2536,Woodrow  Colon,Male,54,Nevada,Blue Collar,09.Oct.2017,"$143,852.01 ",single,tertiary,no,no,cellular,269,2,unknown,no,A02536
2537,Lance  Yates,Male,39,Wyoming,Other,09.Oct.2017,"$5,334.66 ",divorced,primary,no,no,cellular,52,2,failure,no,A02537
2538,Don  Gonzales,Female,38,Wyoming,White Collar,09.Oct.2017,"$45,290.49 ",married,primary,yes,no,cellular,246,3,unknown,no,A02538
2539,Colleen  Warren,Male,35,Wyoming,Other,09.Oct.2017,"$203,529.15 ",married,secondary,yes,no,unknown,218,1,unknown,no,A02539
2540,Billie  Chandler,Female,30,Oregon,Other,09.Oct.2017,"$90,125.84 ",divorced,secondary,no,no,cellular,167,1,success,yes,A02540
2541,Bernadette  Page,Female,31,Oregon,White Collar,09.Oct.2017,"$72,010.24 ",married,tertiary,yes,no,cellular,316,3,other,yes,A02541
2542,Blake  Bridges,Male,37,California,White Collar,10.Oct.2017,"$176,684.09 ",married,unknown,yes,no,cellular,142,1,unknown,no,A02542
2543,Lorraine  Gibson,Female,19,California,White Collar,10.Oct.2017,"$56,634.70 ",single,secondary,yes,no,cellular,75,1,unknown,no,A02543
2544,Brooke  Horton,Male,33,California,Blue Collar,10.Oct.2017,"$7,023.43 ",married,tertiary,no,yes,cellular,204,1,unknown,no,A02544
2545,Colleen  Warren,Male,36,California,White Collar,10.Oct.2017,"$62,153.03 ",divorced,primary,no,yes,cellular,542,1,unknown,no,A02545
2546,Elaine  Ellis,Male,48,California,Other,10.Oct.2017,"$58,872.70 ",single,secondary,yes,yes,unknown,122,2,unknown,no,A02546
2547,Ben  Perez,Female,25,California,White Collar,10.Oct.2017,"$61,812.15 ",married,secondary,yes,no,unknown,70,1,unknown,no,A02547
2548,Cindy  Becker,Male,52,Nevada,Blue Collar,10.Oct.2017,"$50,921.33 ",married,secondary,yes,no,cellular,266,1,unknown,no,A02548
2549,Kyle  Carr,Male,39,Wyoming,White Collar,10.Oct.2017,"$42,001.78 ",married,unknown,yes,no,cellular,34,9,unknown,no,A02549
2550,Blake  Bridges,Female,23,Oregon,Other,10.Oct.2017,"$83,313.55 ",single,tertiary,no,no,cellular,203,4,unknown,no,A02550
2551,Pauline  Beck,Female,43,Oregon,Other,10.Oct.2017,"$44,760.78 ",married,tertiary,no,yes,unknown,85,3,unknown,no,A02551
2552,Johanna  Boone,Female,24,California,White Collar,11.Oct.2017,"$41,500.99 ",divorced,secondary,no,no,cellular,11,4,unknown,no,A02552
2553,Lorraine  Gibson,Female,31,California,White Collar,11.Oct.2017,"$7,554.51 ",married,secondary,yes,no,unknown,13,10,unknown,no,A02553
2554,Colleen  Warren,Male,24,California,Blue Collar,11.Oct.2017,"$8,053.70 ",married,tertiary,yes,no,cellular,562,1,unknown,yes,A02554
2555,Pauline  Beck,Female,31,California,White Collar,11.Oct.2017,"$130,870.66 ",married,secondary,yes,no,cellular,185,3,unknown,no,A02555
2556,Shari  Silva,Female,29,California,White Collar,11.Oct.2017,"$14,360.67 ",married,tertiary,no,no,cellular,158,1,failure,no,A02556
2557,Peter  Hodges,Female,25,California,White Collar,11.Oct.2017,"$30,464.84 ",divorced,secondary,yes,no,cellular,515,1,failure,yes,A02557
2558,Johanna  Boone,Male,30,California,White Collar,11.Oct.2017,"$34,365.10 ",divorced,secondary,yes,no,cellular,60,5,unknown,no,A02558
2559,Shari  Silva,Female,32,California,White Collar,11.Oct.2017,"$46,978.15 ",married,primary,no,no,cellular,173,2,unknown,no,A02559
2560,Bernadette  Page,Male,29,California,White Collar,11.Oct.2017,"$16,783.63 ",married,secondary,yes,no,unknown,353,4,unknown,no,A02560
2561,Billie  Chandler,Female,21,California,White Collar,11.Oct.2017,"$21,788.90 ",married,secondary,yes,no,cellular,143,3,failure,no,A02561
2562,Bernadette  Page,Male,48,California,White Collar,11.Oct.2017,"$5,911.81 ",married,secondary,yes,no,cellular,18,5,unknown,no,A02562
2563,Shari  Silva,Female,59,Nevada,White Collar,11.Oct.2017,"$42,120.87 ",divorced,secondary,no,no,cellular,466,1,unknown,no,A02563
2564,Cindy  Becker,Female,54,Nevada,Other,11.Oct.2017,"$60,732.13 ",married,secondary,yes,no,cellular,85,1,failure,no,A02564
2565,Ernest  Davis,Male,50,Nevada,Blue Collar,11.Oct.2017,"$51,898.51 ",divorced,secondary,yes,yes,cellular,148,1,unknown,no,A02565
2566,Andrew  Meyer,Male,30,Wyoming,Blue Collar,11.Oct.2017,"$62,698.25 ",single,unknown,yes,no,cellular,123,1,unknown,no,A02566
2567,Peter  Hodges,Female,46,Wyoming,White Collar,11.Oct.2017,"$81,657.15 ",married,unknown,no,no,cellular,121,1,unknown,no,A02567
2568,Brooke  Horton,Male,27,Wyoming,White Collar,11.Oct.2017,"$148,509.81 ",married,secondary,yes,yes,unknown,245,3,unknown,no,A02568
2569,Sonya  Mullins,Male,28,Oregon,Blue Collar,11.Oct.2017,"$50,075.40 ",married,secondary,no,no,cellular,215,1,unknown,yes,A02569
2570,Cassandra  Franklin,Male,39,California,White Collar,12.Oct.2017,"$79,682.42 ",married,secondary,yes,no,unknown,190,6,unknown,no,A02570
2571,Rachel  Gomez,Male,41,California,White Collar,12.Oct.2017,"$22,088.61 ",married,secondary,no,no,unknown,44,1,unknown,no,A02571
2572,Jaime  Pearson,Female,32,California,White Collar,12.Oct.2017,"$133,325.88 ",married,secondary,no,no,cellular,171,1,unknown,no,A02572
2573,Brooke  Horton,Male,32,California,White Collar,12.Oct.2017,"$67,129.88 ",married,secondary,yes,no,cellular,62,12,unknown,no,A02573
2574,Lance  Yates,Female,34,California,White Collar,12.Oct.2017,"$77,045.99 ",married,secondary,yes,yes,unknown,172,1,unknown,no,A02574
2575,Lance  Yates,Male,31,California,White Collar,12.Oct.2017,"$40,167.57 ",single,secondary,yes,no,unknown,78,10,unknown,no,A02575
2576,Ben  Perez,Female,39,California,Blue Collar,12.Oct.2017,"$32,721.75 ",married,secondary,yes,no,unknown,319,5,unknown,no,A02576
2577,Salvador  Bass,Female,37,California,White Collar,12.Oct.2017,"$71,407.22 ",single,secondary,no,yes,cellular,111,1,unknown,no,A02577
2578,Johanna  Boone,Female,40,California,White Collar,12.Oct.2017,"$2,907.60 ",married,primary,yes,no,unknown,158,1,unknown,no,A02578
2579,Isabel  Cross,Male,46,Nevada,Blue Collar,12.Oct.2017,"$141,324.06 ",married,secondary,no,no,cellular,82,12,unknown,no,A02579
2580,Shari  Silva,Male,61,Nevada,Other,12.Oct.2017,"$63,390.63 ",married,tertiary,yes,no,unknown,128,6,unknown,no,A02580
2581,Robert  Munoz,Male,44,Nevada,Blue Collar,12.Oct.2017,"$35,337.18 ",married,secondary,yes,no,unknown,102,4,unknown,no,A02581
2582,Eric  Rose,Female,23,Wyoming,White Collar,12.Oct.2017,"$97,968.78 ",single,tertiary,yes,no,unknown,124,2,unknown,no,A02582
2583,Arturo  Francis,Female,36,Wyoming,White Collar,12.Oct.2017,"$53,510.15 ",married,secondary,yes,no,cellular,334,2,unknown,no,A02583
2584,Ernest  Davis,Female,32,Wyoming,White Collar,12.Oct.2017,"$76,429.16 ",married,tertiary,no,no,cellular,134,5,success,yes,A02584
2585,Jaime  Pearson,Female,29,Oregon,Blue Collar,12.Oct.2017,"$20,496.31 ",married,tertiary,no,no,cellular,218,1,unknown,no,A02585
2586,Andrew  Meyer,Female,43,California,White Collar,13.Oct.2017,"$21,675.72 ",married,primary,no,no,unknown,313,1,unknown,no,A02586
2587,Ben  Perez,Male,33,California,White Collar,13.Oct.2017,"$14,905.12 ",single,secondary,yes,yes,unknown,207,3,unknown,no,A02587
2588,Bobbie  Ryan,Female,39,California,White Collar,13.Oct.2017,"$93,882.91 ",married,tertiary,yes,no,unknown,262,1,unknown,no,A02588
2589,Bethany  Pena,Female,41,California,Blue Collar,13.Oct.2017,"$67,917.58 ",divorced,tertiary,no,no,cellular,134,2,unknown,no,A02589
2590,Sandra  Floyd,Male,35,California,White Collar,13.Oct.2017,"$114,148.39 ",divorced,tertiary,yes,yes,unknown,197,3,unknown,no,A02590
2591,Patty  Thompson,Female,30,California,Blue Collar,13.Oct.2017,"$41,706.33 ",married,secondary,yes,no,cellular,214,3,unknown,no,A02591
2592,Ben  Perez,Female,34,California,White Collar,13.Oct.2017,"$26,757.36 ",married,tertiary,yes,yes,cellular,1165,7,unknown,no,A02592
2593,Jenny  Garcia,Female,35,California,White Collar,13.Oct.2017,"$3,163.36 ",divorced,secondary,yes,no,cellular,177,2,unknown,no,A02593
2594,Nellie  Joseph,Male,34,California,White Collar,13.Oct.2017,"$25,382.33 ",single,secondary,yes,no,unknown,141,6,unknown,no,A02594
2595,Iris  Underwood,Female,24,California,White Collar,13.Oct.2017,"$3,865.09 ",married,secondary,yes,yes,cellular,164,6,unknown,no,A02595
2596,Woodrow  Colon,Female,32,California,White Collar,13.Oct.2017,"$41,768.31 ",single,secondary,no,no,cellular,151,1,unknown,no,A02596
2597,Shari  Silva,Male,43,Nevada,Other,13.Oct.2017,"$14,247.12 ",married,secondary,no,no,cellular,145,2,failure,no,A02597
2598,Bethany  Pena,Male,52,Nevada,Other,13.Oct.2017,"$68,643.54 ",divorced,primary,yes,no,unknown,111,1,unknown,no,A02598
2599,Sylvester  Morales,Male,51,Nevada,White Collar,13.Oct.2017,"$36,932.55 ",single,primary,no,no,cellular,217,1,failure,no,A02599
2600,Trevor  Jones,Male,55,Nevada,Other,13.Oct.2017,"$111,243.37 ",married,tertiary,yes,no,cellular,253,4,unknown,no,A02600
2601,Felicia  Jennings,Male,58,Nevada,Blue Collar,13.Oct.2017,"$191,431.25 ",divorced,tertiary,no,no,unknown,74,1,unknown,no,A02601
2602,Trevor  Jones,Male,44,Nevada,Blue Collar,13.Oct.2017,"$97,728.85 ",married,tertiary,no,no,cellular,263,2,unknown,no,A02602
2603,Andrew  Meyer,Female,33,Wyoming,White Collar,13.Oct.2017,"$79,302.52 ",married,primary,yes,no,unknown,233,1,unknown,no,A02603
2604,Drew  Rogers,Female,31,Wyoming,Other,13.Oct.2017,"$22,329.16 ",single,tertiary,no,no,cellular,402,2,unknown,no,A02604
2605,Isabel  Cross,Female,22,Oregon,Other,13.Oct.2017,"$27,310.51 ",married,unknown,no,no,cellular,585,1,unknown,no,A02605
2606,Isabel  Cross,Male,29,California,White Collar,14.Oct.2017,"$54,598.99 ",married,primary,yes,yes,unknown,145,1,unknown,no,A02606
2607,Nellie  Joseph,Female,25,California,White Collar,14.Oct.2017,"$35,180.46 ",married,unknown,no,no,unknown,143,5,unknown,no,A02607
2608,Felicia  Jennings,Male,38,California,White Collar,14.Oct.2017,"$134,700.27 ",married,primary,no,yes,cellular,524,1,unknown,no,A02608
2609,Woodrow  Colon,Female,40,California,Other,14.Oct.2017,"$2,677.93 ",married,secondary,no,no,cellular,270,1,unknown,no,A02609
2610,Blake  Bridges,Male,40,California,White Collar,14.Oct.2017,"$57,136.00 ",married,primary,yes,no,unknown,272,1,unknown,no,A02610
2611,Rachel  Gomez,Male,38,California,Blue Collar,14.Oct.2017,"$124,075.72 ",married,tertiary,no,no,cellular,187,2,unknown,no,A02611
2612,Rachel  Gomez,Male,28,California,White Collar,14.Oct.2017,"$17,951.06 ",single,secondary,no,no,cellular,268,2,unknown,no,A02612
2613,Della  Jensen,Male,60,Nevada,Blue Collar,14.Oct.2017,"$34,344.63 ",married,tertiary,yes,yes,cellular,183,1,unknown,no,A02613
2614,Austin  Reynolds,Male,44,Nevada,Blue Collar,14.Oct.2017,"$27,451.81 ",married,secondary,yes,no,cellular,123,3,failure,no,A02614
2615,Dan  Peterson,Male,31,Wyoming,Blue Collar,14.Oct.2017,"$83,633.36 ",single,tertiary,yes,no,cellular,20,4,unknown,no,A02615
2616,Robert  Munoz,Male,36,Wyoming,Blue Collar,14.Oct.2017,"$84,250.82 ",married,secondary,yes,no,cellular,232,4,failure,no,A02616
2617,Cecilia  Manning,Male,35,Wyoming,White Collar,14.Oct.2017,"$19,123.64 ",married,tertiary,yes,no,cellular,547,7,unknown,no,A02617
2618,Johanna  Boone,Female,28,Oregon,Other,14.Oct.2017,"$198,580.75 ",married,secondary,no,no,cellular,71,9,unknown,no,A02618
2619,Drew  Rogers,Female,35,California,Other,15.Oct.2017,"$156,516.93 ",married,secondary,no,no,cellular,113,6,unknown,no,A02619
2620,Ernest  Davis,Female,31,California,Other,15.Oct.2017,"$121,260.46 ",married,secondary,no,no,cellular,780,4,unknown,yes,A02620
2621,Blake  Bridges,Male,43,California,Blue Collar,15.Oct.2017,"$4,425.12 ",single,secondary,yes,no,cellular,246,1,other,no,A02621
2622,Robert  Munoz,Female,29,California,Other,15.Oct.2017,"$102,004.52 ",single,unknown,yes,no,unknown,108,12,unknown,no,A02622
2623,Shari  Silva,Female,45,California,White Collar,15.Oct.2017,"$121,446.52 ",single,secondary,yes,no,cellular,253,1,unknown,no,A02623
2624,Beth  Tucker,Male,38,California,Blue Collar,15.Oct.2017,"$10,383.88 ",married,primary,yes,no,cellular,175,1,unknown,no,A02624
2625,Isabel  Cross,Male,33,California,White Collar,15.Oct.2017,"$48,129.82 ",married,tertiary,yes,no,unknown,106,1,unknown,no,A02625
2626,Austin  Reynolds,Female,35,California,White Collar,15.Oct.2017,"$15,981.12 ",married,primary,yes,no,cellular,86,2,unknown,no,A02626
2627,Austin  Reynolds,Male,47,California,White Collar,15.Oct.2017,"$58,393.48 ",married,primary,yes,no,unknown,248,3,unknown,no,A02627
2628,Arturo  Francis,Female,46,California,White Collar,15.Oct.2017,"$68,263.67 ",married,secondary,yes,yes,telephone,265,2,unknown,no,A02628
2629,Isabel  Cross,Male,24,California,White Collar,15.Oct.2017,"$83,685.51 ",divorced,secondary,yes,no,unknown,182,5,unknown,no,A02629
2630,Beth  Tucker,Female,54,Nevada,White Collar,15.Oct.2017,"$24,375.43 ",divorced,primary,no,no,cellular,916,3,unknown,no,A02630
2631,Sonya  Mullins,Male,46,Nevada,Blue Collar,15.Oct.2017,"$76,035.99 ",married,primary,no,no,cellular,506,1,unknown,no,A02631
2632,Shari  Silva,Male,41,Nevada,Blue Collar,15.Oct.2017,"$37,919.97 ",single,secondary,yes,no,cellular,81,1,unknown,no,A02632
2633,Tiffany  May,Female,51,Nevada,Blue Collar,15.Oct.2017,"$36,173.75 ",married,primary,yes,no,cellular,30,1,unknown,no,A02633
2634,Cassandra  Franklin,Male,57,Nevada,Other,15.Oct.2017,"$208,221.72 ",single,tertiary,no,no,cellular,904,3,unknown,yes,A02634
2635,Lance  Yates,Male,41,Wyoming,Other,15.Oct.2017,"$89,665.01 ",single,primary,yes,no,unknown,699,3,unknown,no,A02635
2636,Drew  Rogers,Female,38,Wyoming,White Collar,15.Oct.2017,"$40,721.97 ",married,secondary,yes,no,cellular,19,1,unknown,no,A02636
2637,Lance  Yates,Male,39,Wyoming,Blue Collar,15.Oct.2017,"$7,762.39 ",divorced,secondary,yes,no,unknown,389,1,unknown,no,A02637
2638,Eric  Rose,Female,15,Oregon,White Collar,15.Oct.2017,"$18,727.19 ",married,secondary,no,no,cellular,211,4,unknown,no,A02638
2639,Max  Rodgers,Female,22,California,White Collar,16.Oct.2017,"$109,574.60 ",married,primary,yes,no,cellular,283,1,unknown,no,A02639
2640,Ruben  Nunez,Female,42,California,Blue Collar,16.Oct.2017,"$69,330.07 ",married,tertiary,no,no,cellular,474,2,unknown,no,A02640
2641,Mable  Lindsey,Female,40,California,White Collar,16.Oct.2017,"$78,708.46 ",single,tertiary,yes,no,cellular,157,2,failure,no,A02641
2642,Cindy  Becker,Male,38,California,Other,16.Oct.2017,"$60,319.24 ",married,secondary,no,no,cellular,509,2,unknown,no,A02642
2643,Ellen  Weaver,Male,28,California,White Collar,16.Oct.2017,"$71,252.66 ",married,primary,yes,no,unknown,279,1,unknown,no,A02643
2644,Paulette  Spencer,Female,36,California,White Collar,16.Oct.2017,"$77,685.67 ",divorced,secondary,no,yes,telephone,27,1,unknown,no,A02644
2645,Paulette  Spencer,Female,39,California,White Collar,16.Oct.2017,"$109,309.03 ",married,tertiary,no,no,cellular,386,4,unknown,yes,A02645
2646,Della  Jensen,Male,37,California,White Collar,16.Oct.2017,"$16,284.82 ",married,primary,no,no,cellular,679,1,unknown,no,A02646
2647,Trevor  Jones,Male,39,California,White Collar,16.Oct.2017,"$45,130.01 ",married,tertiary,yes,no,unknown,169,1,unknown,no,A02647
2648,Woodrow  Colon,Male,51,Nevada,Blue Collar,16.Oct.2017,"$21,929.48 ",married,tertiary,no,no,unknown,315,1,unknown,no,A02648
2649,Guillermo  Potter,Male,44,Nevada,Blue Collar,16.Oct.2017,"$57,680.49 ",married,secondary,yes,no,cellular,293,2,unknown,no,A02649
2650,Austin  Reynolds,Male,50,Nevada,Blue Collar,16.Oct.2017,"$10,213.61 ",married,secondary,yes,no,cellular,439,3,unknown,no,A02650
2651,Trevor  Jones,Female,47,Nevada,Other,16.Oct.2017,"$30,726.04 ",married,secondary,yes,no,unknown,198,1,unknown,no,A02651
2652,Shari  Silva,Female,50,Nevada,Other,16.Oct.2017,"$40,075.93 ",married,secondary,yes,no,unknown,770,2,unknown,no,A02652
2653,Johanna  Boone,Female,52,Nevada,Other,16.Oct.2017,"$79,997.40 ",married,secondary,yes,no,telephone,340,2,unknown,no,A02653
2654,Paulette  Spencer,Female,35,Wyoming,White Collar,16.Oct.2017,"$116,426.12 ",single,secondary,yes,no,cellular,1472,1,failure,yes,A02654
2655,Elaine  Ellis,Female,37,Wyoming,White Collar,16.Oct.2017,"$99,104.31 ",married,tertiary,yes,no,cellular,293,1,other,yes,A02655
2656,Trevor  Jones,Female,43,California,Blue Collar,17.Oct.2017,"$74,742.66 ",married,secondary,yes,no,cellular,311,2,unknown,yes,A02656
2657,Patty  Thompson,Male,31,California,White Collar,17.Oct.2017,"$36,983.57 ",married,secondary,yes,no,cellular,291,2,unknown,no,A02657
2658,Blake  Bridges,Female,37,California,White Collar,17.Oct.2017,"$46,442.87 ",single,secondary,yes,yes,unknown,965,2,unknown,no,A02658
2659,Kyle  Carr,Female,45,California,White Collar,17.Oct.2017,"$152,228.39 ",married,secondary,no,yes,unknown,594,1,unknown,no,A02659
2660,Andrew  Meyer,Female,42,California,Other,17.Oct.2017,"$7,400.19 ",married,secondary,yes,no,cellular,139,2,failure,no,A02660
2661,Lula  Daniels,Female,30,California,White Collar,17.Oct.2017,"$38,042.58 ",married,secondary,yes,no,unknown,501,4,unknown,no,A02661
2662,Woodrow  Colon,Male,25,California,Other,17.Oct.2017,"$110,251.15 ",married,primary,yes,no,cellular,274,1,unknown,no,A02662
2663,Jenny  Garcia,Male,46,California,White Collar,17.Oct.2017,"$140,347.58 ",single,secondary,yes,no,telephone,10,3,unknown,no,A02663
2664,Felicia  Jennings,Female,42,Nevada,Other,17.Oct.2017,"$88,340.45 ",married,unknown,no,no,unknown,18,2,unknown,no,A02664
2665,Andrew  Meyer,Male,52,Nevada,Other,17.Oct.2017,"$20,202.04 ",divorced,unknown,no,no,cellular,243,1,unknown,no,A02665
2666,Peter  Hodges,Male,46,Nevada,Blue Collar,17.Oct.2017,"$129,824.91 ",single,tertiary,yes,no,cellular,198,1,success,yes,A02666
2667,Colleen  Warren,Male,59,Nevada,Blue Collar,17.Oct.2017,"$14,782.90 ",single,tertiary,yes,no,cellular,410,2,unknown,no,A02667
2668,Jenny  Garcia,Female,47,Nevada,Other,17.Oct.2017,"$13,684.82 ",single,secondary,no,no,unknown,190,1,unknown,no,A02668
2669,Lula  Daniels,Male,18,Wyoming,White Collar,17.Oct.2017,"$74,144.88 ",married,tertiary,no,no,unknown,121,1,unknown,no,A02669
2670,Austin  Reynolds,Male,42,Wyoming,White Collar,17.Oct.2017,"$1,720.88 ",married,primary,yes,no,telephone,148,1,unknown,no,A02670
2671,Paulette  Spencer,Female,38,California,Blue Collar,18.Oct.2017,"$47,353.96 ",married,secondary,yes,yes,cellular,239,2,failure,no,A02671
2672,Paulette  Spencer,Male,35,California,White Collar,18.Oct.2017,"$12,323.33 ",single,tertiary,yes,no,cellular,90,3,unknown,no,A02672
2673,Isabel  Cross,Male,50,California,White Collar,18.Oct.2017,"$84,181.54 ",married,secondary,no,no,unknown,29,1,unknown,no,A02673
2674,Brooke  Horton,Male,40,California,White Collar,18.Oct.2017,"$3,818.70 ",married,tertiary,yes,no,cellular,58,1,failure,no,A02674
2675,Ivan  Adkins,Male,47,California,Other,18.Oct.2017,"$29,723.97 ",married,tertiary,yes,no,cellular,1139,2,unknown,yes,A02675
2676,Johanna  Boone,Male,29,California,White Collar,18.Oct.2017,"$32,698.18 ",single,tertiary,no,no,cellular,504,1,success,yes,A02676
2677,Sandra  Floyd,Female,38,California,White Collar,18.Oct.2017,"$58,463.78 ",married,primary,no,no,cellular,348,1,unknown,no,A02677
2678,Edwin  Malone,Female,35,California,White Collar,18.Oct.2017,"$17,364.15 ",married,primary,no,no,telephone,130,3,unknown,no,A02678
2679,Blake  Bridges,Female,46,California,Blue Collar,18.Oct.2017,"$14,273.25 ",married,secondary,no,no,cellular,100,1,other,no,A02679
2680,Max  Rodgers,Female,27,California,White Collar,18.Oct.2017,"$34,600.63 ",married,secondary,yes,no,unknown,544,1,unknown,no,A02680
2681,Tiffany  May,Male,34,California,White Collar,18.Oct.2017,"$36,465.75 ",single,primary,no,no,unknown,182,11,unknown,no,A02681
2682,Lance  Yates,Female,25,California,White Collar,18.Oct.2017,"$20,461.67 ",married,secondary,yes,no,cellular,90,1,unknown,no,A02682
2683,Sonya  Mullins,Male,36,California,White Collar,18.Oct.2017,"$91,540.33 ",married,secondary,yes,no,unknown,272,2,unknown,no,A02683
2684,Rachel  Gomez,Female,46,California,Other,18.Oct.2017,"$73,692.54 ",married,primary,yes,no,cellular,260,2,unknown,no,A02684
2685,Isabel  Cross,Female,49,Nevada,Other,18.Oct.2017,"$44,557.69 ",married,secondary,yes,yes,unknown,672,3,unknown,no,A02685
2686,Ellen  Weaver,Male,57,Nevada,Blue Collar,18.Oct.2017,"$63,739.81 ",divorced,secondary,no,no,cellular,264,1,unknown,yes,A02686
2687,Drew  Rogers,Male,50,Nevada,Blue Collar,18.Oct.2017,"$122,502.28 ",married,secondary,no,yes,telephone,275,2,unknown,no,A02687
2688,Max  Rodgers,Female,50,Nevada,Other,18.Oct.2017,"$22,542.88 ",married,secondary,no,no,cellular,76,1,unknown,no,A02688
2689,Lance  Yates,Male,31,Wyoming,Blue Collar,18.Oct.2017,"$63,388.18 ",married,secondary,yes,no,unknown,749,2,unknown,no,A02689
2690,Della  Jensen,Male,44,Wyoming,Other,18.Oct.2017,"$24,815.16 ",single,tertiary,no,no,cellular,142,4,unknown,no,A02690
2691,Eric  Rose,Female,42,Oregon,Other,18.Oct.2017,"$69,242.63 ",married,primary,no,no,cellular,454,2,unknown,no,A02691
2692,Della  Jensen,Female,39,California,Other,19.Oct.2017,"$51,404.37 ",married,secondary,yes,yes,cellular,102,2,failure,no,A02692
2693,Nellie  Joseph,Male,35,California,White Collar,19.Oct.2017,"$73,204.69 ",married,tertiary,no,no,telephone,521,3,other,no,A02693
2694,Patty  Thompson,Male,34,California,White Collar,19.Oct.2017,"$24,169.40 ",married,secondary,yes,yes,cellular,57,1,unknown,no,A02694
2695,Brooke  Horton,Male,57,Nevada,Blue Collar,19.Oct.2017,"$158,554.25 ",married,tertiary,no,no,cellular,504,1,unknown,no,A02695
2696,Mable  Lindsey,Male,43,Nevada,Blue Collar,19.Oct.2017,"$91,581.57 ",married,tertiary,no,no,cellular,138,3,unknown,no,A02696
2697,Isabel  Cross,Male,47,Nevada,Other,19.Oct.2017,"$89,965.39 ",divorced,tertiary,yes,no,cellular,103,2,other,yes,A02697
2698,Nellie  Joseph,Male,25,Oregon,White Collar,19.Oct.2017,"$33,112.21 ",single,tertiary,no,no,cellular,485,1,unknown,yes,A02698
2699,Brooke  Horton,Female,61,Oregon,White Collar,19.Oct.2017,"$6,546.36 ",married,tertiary,no,no,cellular,166,1,unknown,no,A02699
2700,Della  Jensen,Female,35,California,White Collar,20.Oct.2017,"$15,294.03 ",married,primary,yes,no,cellular,318,2,success,no,A02700
2701,Cassandra  Franklin,Female,23,California,Other,20.Oct.2017,"$30,070.93 ",divorced,tertiary,no,no,cellular,531,3,unknown,no,A02701
2702,Rachel  Gomez,Male,34,California,White Collar,20.Oct.2017,"$31,226.42 ",divorced,secondary,yes,no,cellular,155,2,failure,no,A02702
2703,Lance  Yates,Female,38,California,White Collar,20.Oct.2017,"$33,865.28 ",married,secondary,yes,no,telephone,73,1,unknown,no,A02703
2704,Isabel  Cross,Male,45,California,Blue Collar,20.Oct.2017,"$71,990.54 ",single,unknown,yes,no,unknown,198,3,unknown,no,A02704
2705,Pauline  Beck,Female,34,California,Blue Collar,20.Oct.2017,"$112,822.54 ",married,secondary,no,no,telephone,137,1,unknown,no,A02705
2706,Isabel  Cross,Female,24,California,Other,20.Oct.2017,"$137,612.72 ",single,secondary,yes,no,unknown,479,9,unknown,yes,A02706
2707,Brooke  Horton,Female,49,California,Other,20.Oct.2017,"$62,166.94 ",married,unknown,yes,no,unknown,285,1,unknown,no,A02707
2708,Edwin  Malone,Female,32,California,White Collar,20.Oct.2017,"$10,399.07 ",married,tertiary,yes,no,cellular,98,1,unknown,no,A02708
2709,Elbert  Klein,Male,53,Nevada,Other,20.Oct.2017,"$74,421.25 ",married,tertiary,yes,no,cellular,199,2,other,no,A02709
2710,Elbert  Klein,Male,45,Nevada,Blue Collar,20.Oct.2017,"$26,147.90 ",married,tertiary,yes,yes,cellular,97,3,unknown,no,A02710
2711,Christy  Olson,Male,47,Nevada,Other,20.Oct.2017,"$41,722.67 ",divorced,secondary,yes,no,unknown,389,5,unknown,no,A02711
2712,Mable  Lindsey,Male,55,Nevada,Blue Collar,20.Oct.2017,"$10,039.87 ",married,unknown,no,no,cellular,384,1,success,no,A02712
2713,Rachel  Gomez,Female,35,Wyoming,Other,20.Oct.2017,"$34,435.01 ",married,primary,no,no,unknown,37,3,unknown,no,A02713
2714,Cecilia  Manning,Male,35,Wyoming,Blue Collar,20.Oct.2017,"$2,713.99 ",married,tertiary,no,no,cellular,420,4,unknown,no,A02714
2715,Cecilia  Manning,Male,33,Wyoming,White Collar,20.Oct.2017,"$41,555.63 ",divorced,tertiary,yes,no,telephone,973,1,failure,no,A02715
2716,Donna  Reid,Female,31,Oregon,White Collar,20.Oct.2017,"$90,819.46 ",single,tertiary,no,no,cellular,77,4,unknown,no,A02716
2717,Trevor  Jones,Female,31,Oregon,Blue Collar,20.Oct.2017,"$58,387.94 ",married,tertiary,no,yes,cellular,376,2,unknown,no,A02717
2718,Robert  Munoz,Male,28,California,White Collar,21.Oct.2017,"$92,651.52 ",single,tertiary,no,no,cellular,125,1,unknown,yes,A02718
2719,Rachel  Gomez,Male,45,California,Other,21.Oct.2017,"$61,712.07 ",married,secondary,no,no,cellular,142,2,unknown,no,A02719
2720,Fernando  Rowe,Male,38,California,Blue Collar,21.Oct.2017,"$19,225.04 ",single,secondary,yes,no,cellular,442,1,failure,yes,A02720
2721,Salvador  Bass,Female,33,California,White Collar,21.Oct.2017,"$114,110.72 ",divorced,secondary,no,yes,cellular,728,2,unknown,no,A02721
2722,Shari  Silva,Female,46,California,Other,21.Oct.2017,"$76,057.33 ",single,primary,no,no,unknown,281,3,unknown,no,A02722
2723,Isabel  Cross,Male,33,California,Other,21.Oct.2017,"$101,954.30 ",married,secondary,no,no,cellular,528,2,unknown,yes,A02723
2724,Cassandra  Franklin,Female,33,California,White Collar,21.Oct.2017,"$55,999.10 ",single,tertiary,yes,no,cellular,128,5,unknown,no,A02724
2725,Ernest  Davis,Male,55,Nevada,Blue Collar,21.Oct.2017,"$71,979.36 ",single,unknown,yes,no,unknown,71,1,unknown,no,A02725
2726,Cassandra  Franklin,Female,41,Wyoming,White Collar,21.Oct.2017,"$86,117.72 ",married,secondary,no,no,cellular,161,4,unknown,no,A02726
2727,Patty  Thompson,Male,34,Wyoming,Blue Collar,21.Oct.2017,"$55,601.78 ",married,secondary,yes,no,cellular,129,4,unknown,no,A02727
2728,Bobbie  Ryan,Male,47,Wyoming,Blue Collar,21.Oct.2017,"$191,771.67 ",single,primary,yes,no,cellular,54,2,unknown,no,A02728
2729,Cecilia  Manning,Male,33,Wyoming,White Collar,21.Oct.2017,"$16,751.99 ",married,secondary,yes,no,cellular,443,1,failure,no,A02729
2730,Sandra  Floyd,Female,36,Wyoming,White Collar,21.Oct.2017,"$28,424.85 ",single,tertiary,yes,no,unknown,136,1,unknown,no,A02730
2731,Donna  Reid,Female,36,California,Other,22.Oct.2017,"$59,161.66 ",married,secondary,no,yes,unknown,44,1,unknown,no,A02731
2732,Shari  Silva,Male,32,California,White Collar,22.Oct.2017,"$74,294.28 ",married,secondary,yes,yes,cellular,1181,9,unknown,no,A02732
2733,Elbert  Klein,Female,54,California,White Collar,22.Oct.2017,"$36,215.75 ",married,primary,no,no,unknown,225,2,unknown,no,A02733
2734,Sylvester  Morales,Female,40,California,White Collar,22.Oct.2017,"$11,268.91 ",divorced,secondary,yes,no,cellular,81,1,unknown,no,A02734
2735,Robert  Munoz,Female,27,California,Blue Collar,22.Oct.2017,$199.93 ,married,secondary,no,no,cellular,224,1,unknown,no,A02735
2736,Don  Gonzales,Male,34,California,White Collar,22.Oct.2017,"$105,674.84 ",married,tertiary,yes,no,cellular,189,4,unknown,no,A02736
2737,Trevor  Jones,Male,35,California,White Collar,22.Oct.2017,"$38,891.18 ",married,secondary,no,no,cellular,98,2,unknown,no,A02737
2738,Elbert  Klein,Male,32,California,White Collar,22.Oct.2017,"$8,236.63 ",married,secondary,yes,yes,cellular,50,1,unknown,no,A02738
2739,Robert  Munoz,Male,40,California,White Collar,22.Oct.2017,"$51,782.04 ",single,tertiary,no,no,cellular,195,10,unknown,no,A02739
2740,Christy  Olson,Male,30,California,White Collar,22.Oct.2017,"$45,058.03 ",married,secondary,no,no,cellular,110,2,unknown,no,A02740
2741,Johanna  Boone,Female,38,California,Other,22.Oct.2017,"$116,202.64 ",single,secondary,no,no,cellular,214,1,unknown,no,A02741
2742,Della  Jensen,Female,30,California,White Collar,22.Oct.2017,"$214,637.91 ",single,secondary,yes,no,unknown,182,8,unknown,no,A02742
2743,Tracy  Reed,Male,38,California,White Collar,22.Oct.2017,"$88,961.24 ",married,secondary,yes,no,cellular,239,2,unknown,no,A02743
2744,Sylvester  Morales,Male,43,Nevada,Other,22.Oct.2017,"$34,043.54 ",married,secondary,no,yes,cellular,179,6,unknown,no,A02744
2745,Cecilia  Manning,Male,52,Nevada,Blue Collar,22.Oct.2017,"$68,407.28 ",married,primary,no,no,unknown,540,1,unknown,no,A02745
2746,Iris  Underwood,Female,40,Wyoming,White Collar,22.Oct.2017,"$36,903.25 ",married,tertiary,yes,no,cellular,566,2,failure,no,A02746
2747,Isabel  Cross,Male,30,Wyoming,White Collar,22.Oct.2017,"$47,850.16 ",married,secondary,no,no,cellular,697,4,unknown,yes,A02747
2748,Max  Rodgers,Male,29,California,White Collar,23.Oct.2017,"$32,203.33 ",married,secondary,yes,no,unknown,98,2,unknown,no,A02748
2749,Ellen  Weaver,Male,28,California,White Collar,23.Oct.2017,"$103,171.93 ",married,secondary,yes,yes,cellular,1018,2,unknown,yes,A02749
2750,Dan  Peterson,Male,38,California,White Collar,23.Oct.2017,$397.60 ,married,secondary,no,no,cellular,221,1,failure,no,A02750
2751,Eddie  Green,Female,35,California,Blue Collar,23.Oct.2017,"$79,978.81 ",married,tertiary,no,no,telephone,246,1,unknown,no,A02751
2752,Della  Jensen,Female,57,Nevada,Other,23.Oct.2017,"$46,489.12 ",single,secondary,no,no,cellular,656,2,unknown,no,A02752
2753,Patty  Thompson,Male,64,Nevada,Blue Collar,23.Oct.2017,"$138,688.06 ",single,primary,yes,no,unknown,281,1,unknown,no,A02753
2754,Iris  Underwood,Male,37,Nevada,Blue Collar,23.Oct.2017,"$56,859.04 ",married,tertiary,yes,no,unknown,65,1,unknown,no,A02754
2755,Marian  Hill,Female,53,Nevada,Other,23.Oct.2017,"$32,412.72 ",married,secondary,yes,yes,unknown,193,5,unknown,no,A02755
2756,Della  Jensen,Male,40,Wyoming,White Collar,23.Oct.2017,"$34,860.12 ",married,secondary,no,no,cellular,283,1,unknown,no,A02756
2757,Colleen  Warren,Male,41,Wyoming,Other,23.Oct.2017,"$13,868.73 ",married,primary,no,yes,unknown,78,4,unknown,no,A02757
2758,Ruben  Nunez,Female,36,Wyoming,Other,23.Oct.2017,"$50,594.82 ",married,unknown,no,no,unknown,425,6,unknown,no,A02758
2759,Ernest  Davis,Male,37,Wyoming,White Collar,23.Oct.2017,"$25,566.07 ",married,tertiary,no,no,cellular,238,2,unknown,no,A02759
2760,Salvador  Bass,Female,39,Wyoming,Other,23.Oct.2017,"$103,833.28 ",married,secondary,yes,no,cellular,182,1,failure,no,A02760
2761,Bernadette  Page,Female,29,Wyoming,White Collar,23.Oct.2017,"$15,556.55 ",married,secondary,no,no,cellular,998,6,unknown,yes,A02761
2762,Ben  Perez,Female,23,Oregon,White Collar,23.Oct.2017,"$40,766.33 ",divorced,secondary,yes,no,unknown,477,1,unknown,no,A02762
2763,Lance  Yates,Female,33,California,White Collar,24.Oct.2017,"$51,832.60 ",married,tertiary,no,no,cellular,158,1,unknown,no,A02763
2764,Christy  Olson,Male,44,California,Blue Collar,24.Oct.2017,"$90,240.81 ",married,tertiary,no,no,telephone,320,3,unknown,no,A02764
2765,Blake  Bridges,Female,32,California,Blue Collar,24.Oct.2017,"$56,618.90 ",married,secondary,yes,no,cellular,149,1,failure,no,A02765
2766,Carla  Mccormick,Male,28,California,Other,24.Oct.2017,"$7,831.27 ",married,secondary,yes,yes,cellular,410,5,unknown,no,A02766
2767,Lula  Daniels,Male,29,California,White Collar,24.Oct.2017,"$38,872.84 ",married,tertiary,yes,no,cellular,104,2,unknown,no,A02767
2768,Dan  Peterson,Male,48,California,Other,24.Oct.2017,"$113,043.21 ",married,secondary,no,no,unknown,454,6,unknown,no,A02768
2769,Cassandra  Franklin,Male,38,California,White Collar,24.Oct.2017,"$79,472.37 ",married,secondary,yes,no,unknown,190,1,unknown,no,A02769
2770,Salvador  Bass,Female,35,California,White Collar,24.Oct.2017,"$80,296.04 ",married,secondary,no,no,cellular,145,10,unknown,no,A02770
2771,Guillermo  Potter,Male,27,California,White Collar,24.Oct.2017,"$51,667.33 ",single,tertiary,yes,no,telephone,318,2,unknown,no,A02771
2772,Shari  Silva,Male,38,California,Other,24.Oct.2017,"$98,634.09 ",married,secondary,yes,no,telephone,246,2,unknown,no,A02772
2773,Sonya  Mullins,Male,64,Nevada,Blue Collar,24.Oct.2017,"$37,303.85 ",single,tertiary,no,no,cellular,761,2,unknown,no,A02773
2774,Sandra  Floyd,Female,43,Nevada,Blue Collar,24.Oct.2017,"$60,848.21 ",divorced,tertiary,yes,no,telephone,171,1,unknown,yes,A02774
2775,Lance  Yates,Male,50,Nevada,Blue Collar,24.Oct.2017,"$67,373.16 ",married,tertiary,no,no,unknown,143,1,unknown,no,A02775
2776,Eddie  Green,Male,53,Nevada,Blue Collar,24.Oct.2017,"$66,777.52 ",married,secondary,yes,no,unknown,968,1,unknown,no,A02776
2777,Kyle  Carr,Male,59,Nevada,Blue Collar,24.Oct.2017,"$19,945.96 ",married,primary,no,no,cellular,154,1,failure,no,A02777
2778,Beth  Tucker,Male,43,Nevada,Blue Collar,24.Oct.2017,"$125,701.49 ",single,secondary,no,no,cellular,246,1,unknown,no,A02778
2779,Elvira  Bowman,Male,39,Wyoming,Blue Collar,24.Oct.2017,"$85,814.51 ",married,secondary,yes,no,cellular,201,1,unknown,no,A02779
2780,Mable  Lindsey,Female,22,Wyoming,White Collar,24.Oct.2017,"$95,435.31 ",married,secondary,yes,no,cellular,81,4,unknown,no,A02780
2781,Max  Rodgers,Female,40,California,White Collar,25.Oct.2017,"$107,325.00 ",single,secondary,no,no,cellular,205,1,unknown,yes,A02781
2782,Beth  Tucker,Male,20,California,Other,25.Oct.2017,"$96,797.66 ",married,secondary,yes,no,cellular,200,3,unknown,no,A02782
2783,Brooke  Horton,Female,33,California,White Collar,25.Oct.2017,"$127,349.66 ",married,secondary,yes,yes,unknown,210,2,unknown,no,A02783
2784,Elaine  Ellis,Male,30,California,White Collar,25.Oct.2017,"$33,275.87 ",single,tertiary,no,no,cellular,215,10,unknown,no,A02784
2785,Beth  Tucker,Male,26,California,Blue Collar,25.Oct.2017,"$37,162.78 ",single,secondary,yes,no,cellular,164,2,other,no,A02785
2786,Max  Rodgers,Female,32,California,White Collar,25.Oct.2017,"$8,012.96 ",married,secondary,no,no,unknown,35,6,unknown,no,A02786
2787,Ellen  Weaver,Female,41,California,White Collar,25.Oct.2017,"$12,062.52 ",single,secondary,yes,no,unknown,615,1,unknown,no,A02787
2788,Salvador  Bass,Male,53,Nevada,Blue Collar,25.Oct.2017,"$46,529.06 ",divorced,secondary,no,yes,cellular,246,3,unknown,no,A02788
2789,Cecilia  Manning,Male,45,Nevada,Blue Collar,25.Oct.2017,"$30,615.40 ",married,secondary,no,yes,telephone,42,1,unknown,no,A02789
2790,Herman  Williams,Male,58,Nevada,Other,25.Oct.2017,"$60,265.13 ",single,tertiary,no,no,cellular,217,1,unknown,no,A02790
2791,Guillermo  Potter,Female,59,Nevada,Other,25.Oct.2017,"$29,297.19 ",single,secondary,yes,no,unknown,210,1,unknown,no,A02791
2792,Rachel  Gomez,Female,40,Wyoming,White Collar,25.Oct.2017,"$29,019.25 ",married,secondary,yes,no,unknown,116,4,unknown,no,A02792
2793,Charlie  Wood,Female,26,Wyoming,White Collar,25.Oct.2017,"$87,609.34 ",married,secondary,yes,no,unknown,200,1,unknown,no,A02793
2794,Patty  Thompson,Female,45,California,Blue Collar,26.Oct.2017,"$57,318.27 ",married,unknown,yes,no,unknown,145,4,unknown,no,A02794
2795,Isabel  Cross,Female,31,California,White Collar,26.Oct.2017,"$35,068.75 ",married,secondary,yes,no,unknown,41,1,unknown,no,A02795
2796,Salvador  Bass,Male,27,California,Blue Collar,26.Oct.2017,"$54,758.66 ",divorced,tertiary,yes,no,cellular,192,2,unknown,no,A02796
2797,Brooke  Horton,Female,29,California,White Collar,26.Oct.2017,"$25,801.48 ",married,secondary,yes,no,cellular,80,2,other,no,A02797
2798,Lynette  Brewer,Male,29,California,White Collar,26.Oct.2017,"$71,059.24 ",single,tertiary,no,no,unknown,121,11,unknown,no,A02798
2799,Shari  Silva,Female,21,California,Other,26.Oct.2017,"$24,405.78 ",married,secondary,yes,no,unknown,106,3,unknown,no,A02799
2800,Beth  Tucker,Male,45,California,White Collar,26.Oct.2017,"$30,456.76 ",married,tertiary,no,no,cellular,230,1,unknown,no,A02800
2801,Tracy  Reed,Female,30,California,White Collar,26.Oct.2017,"$151,754.22 ",married,secondary,yes,no,unknown,125,2,unknown,no,A02801
2802,Herman  Williams,Female,23,California,White Collar,26.Oct.2017,"$20,554.79 ",single,tertiary,yes,yes,cellular,67,1,unknown,no,A02802
2803,Cecilia  Manning,Male,30,California,White Collar,26.Oct.2017,"$33,974.40 ",married,secondary,yes,yes,unknown,26,1,unknown,no,A02803
2804,Eric  Rose,Male,44,California,White Collar,26.Oct.2017,"$88,966.49 ",married,secondary,no,no,unknown,395,2,unknown,no,A02804
2805,Bobbie  Ryan,Female,31,California,White Collar,26.Oct.2017,"$51,820.22 ",single,secondary,no,no,cellular,603,2,unknown,no,A02805
2806,Sandra  Floyd,Female,37,California,White Collar,26.Oct.2017,"$145,767.66 ",married,primary,no,no,cellular,185,2,unknown,no,A02806
2807,Brooke  Horton,Male,32,California,Blue Collar,26.Oct.2017,"$52,674.69 ",single,secondary,no,no,cellular,287,2,unknown,no,A02807
2808,Sonya  Mullins,Male,37,California,Other,26.Oct.2017,"$4,904.96 ",married,unknown,yes,no,cellular,149,1,unknown,no,A02808
2809,Cecilia  Manning,Male,34,California,Blue Collar,26.Oct.2017,"$188,021.54 ",married,secondary,yes,yes,cellular,173,7,unknown,no,A02809
2810,Brooke  Horton,Male,37,California,White Collar,26.Oct.2017,"$10,095.64 ",married,primary,no,no,cellular,118,2,unknown,no,A02810
2811,Elbert  Klein,Female,48,California,White Collar,26.Oct.2017,"$44,438.81 ",single,secondary,no,no,unknown,314,1,unknown,no,A02811
2812,Cecilia  Manning,Female,22,California,White Collar,26.Oct.2017,"$24,430.85 ",married,primary,yes,no,cellular,378,1,unknown,no,A02812
2813,Robert  Munoz,Female,39,California,Blue Collar,26.Oct.2017,"$158,706.55 ",single,secondary,no,no,telephone,94,7,other,no,A02813
2814,Cassandra  Franklin,Male,29,California,White Collar,26.Oct.2017,"$10,207.33 ",married,secondary,yes,yes,cellular,108,4,unknown,no,A02814
2815,Billie  Chandler,Female,30,California,White Collar,26.Oct.2017,"$74,574.03 ",married,tertiary,no,no,cellular,203,2,unknown,no,A02815
2816,Mable  Lindsey,Male,26,California,White Collar,26.Oct.2017,"$156,854.09 ",single,secondary,no,no,cellular,121,1,unknown,no,A02816
2817,Robert  Munoz,Male,32,California,White Collar,26.Oct.2017,"$42,901.19 ",single,tertiary,yes,no,unknown,489,2,unknown,no,A02817
2818,Ben  Perez,Female,61,California,White Collar,26.Oct.2017,"$37,710.88 ",single,secondary,yes,yes,unknown,287,1,unknown,no,A02818
2819,Arturo  Francis,Male,37,California,White Collar,26.Oct.2017,"$64,558.16 ",divorced,secondary,yes,no,cellular,652,1,other,no,A02819
2820,Christina  Fuller,Female,28,California,White Collar,26.Oct.2017,"$39,805.79 ",single,secondary,yes,no,cellular,612,2,other,no,A02820
2821,Max  Rodgers,Male,35,California,White Collar,26.Oct.2017,"$8,330.58 ",married,tertiary,yes,no,cellular,53,5,unknown,no,A02821
2822,Marian  Hill,Female,36,California,White Collar,26.Oct.2017,"$214,098.75 ",divorced,secondary,no,yes,telephone,270,1,unknown,yes,A02822
2823,Jenny  Garcia,Female,41,California,Other,26.Oct.2017,"$62,037.90 ",married,tertiary,yes,no,cellular,442,1,unknown,yes,A02823
2824,Carla  Mccormick,Male,38,California,White Collar,26.Oct.2017,"$20,957.10 ",single,secondary,no,no,cellular,664,3,unknown,yes,A02824
2825,Pauline  Beck,Female,29,California,Other,26.Oct.2017,"$17,169.40 ",single,tertiary,no,no,cellular,394,2,unknown,no,A02825
2826,Elbert  Klein,Female,29,California,White Collar,26.Oct.2017,"$10,158.76 ",married,primary,no,no,unknown,230,3,unknown,no,A02826
2827,Sandra  Floyd,Female,37,California,White Collar,26.Oct.2017,"$37,597.13 ",married,tertiary,yes,no,cellular,877,7,other,yes,A02827
2828,Carla  Mccormick,Male,27,California,Blue Collar,26.Oct.2017,"$49,957.46 ",married,secondary,no,no,telephone,1971,4,unknown,yes,A02828
2829,Brooke  Horton,Male,55,Nevada,Blue Collar,26.Oct.2017,"$59,108.96 ",married,secondary,yes,no,cellular,161,2,unknown,no,A02829
2830,Della  Jensen,Female,39,Nevada,Other,26.Oct.2017,"$87,128.12 ",married,secondary,yes,no,unknown,188,5,unknown,no,A02830
2831,Willie  Vega,Female,34,Nevada,Other,26.Oct.2017,"$30,931.85 ",married,secondary,yes,no,cellular,23,5,unknown,no,A02831
2832,Andrew  Meyer,Female,52,Nevada,Other,26.Oct.2017,"$12,725.18 ",married,tertiary,no,no,cellular,176,2,unknown,no,A02832
2833,Cecilia  Manning,Male,45,Nevada,Other,26.Oct.2017,"$87,225.75 ",married,tertiary,no,no,telephone,26,2,failure,no,A02833
2834,Edwin  Malone,Female,46,Nevada,Other,26.Oct.2017,"$54,084.48 ",single,unknown,no,no,unknown,212,1,unknown,no,A02834
2835,Edwin  Malone,Female,58,Nevada,Other,26.Oct.2017,"$23,136.93 ",married,primary,no,no,cellular,119,2,unknown,no,A02835
2836,Brooke  Horton,Male,60,Nevada,Blue Collar,26.Oct.2017,"$152,848.21 ",married,tertiary,yes,no,cellular,205,5,unknown,no,A02836
2837,Christina  Fuller,Female,52,Nevada,Other,26.Oct.2017,"$54,636.18 ",married,tertiary,yes,no,unknown,73,4,unknown,no,A02837
2838,Marion  Glover,Male,42,Nevada,Blue Collar,26.Oct.2017,"$30,364.19 ",married,secondary,yes,yes,cellular,1258,2,other,yes,A02838
2839,Shari  Silva,Male,50,Nevada,Blue Collar,26.Oct.2017,"$97,427.42 ",married,secondary,yes,no,telephone,57,2,unknown,no,A02839
2840,Austin  Reynolds,Male,35,Wyoming,Blue Collar,26.Oct.2017,"$72,534.46 ",divorced,secondary,no,no,unknown,115,2,unknown,no,A02840
2841,Brooke  Horton,Male,36,Wyoming,White Collar,26.Oct.2017,"$93,087.40 ",married,secondary,no,no,unknown,58,1,unknown,no,A02841
2842,Don  Gonzales,Male,28,Wyoming,Blue Collar,26.Oct.2017,"$69,902.45 ",single,tertiary,yes,no,cellular,238,1,unknown,no,A02842
2843,Peter  Hodges,Male,27,Wyoming,Blue Collar,26.Oct.2017,"$38,096.85 ",married,primary,yes,no,telephone,207,3,unknown,no,A02843
2844,Della  Jensen,Female,34,Oregon,Blue Collar,26.Oct.2017,"$26,631.31 ",single,tertiary,yes,no,cellular,178,2,unknown,no,A02844
2845,Rachel  Gomez,Female,32,Oregon,Other,26.Oct.2017,"$29,118.09 ",married,secondary,yes,no,unknown,20,11,unknown,no,A02845
2846,Brooke  Horton,Female,32,Oregon,White Collar,26.Oct.2017,"$64,663.67 ",married,tertiary,no,no,cellular,188,3,unknown,yes,A02846
2847,Arturo  Francis,Female,18,California,White Collar,27.Oct.2017,"$27,640.31 ",married,primary,yes,no,cellular,143,1,failure,no,A02847
2848,Shari  Silva,Male,46,California,White Collar,27.Oct.2017,"$33,252.67 ",married,secondary,no,no,cellular,232,1,success,yes,A02848
2849,Tracy  Reed,Female,51,California,White Collar,27.Oct.2017,"$118,976.21 ",married,secondary,no,no,cellular,127,2,unknown,no,A02849
2850,Sonya  Mullins,Male,38,California,White Collar,27.Oct.2017,"$9,567.67 ",married,secondary,yes,yes,cellular,380,4,failure,no,A02850
2851,Don  Gonzales,Female,33,California,White Collar,27.Oct.2017,"$13,600.30 ",married,tertiary,yes,no,cellular,167,3,unknown,no,A02851
2852,Jaime  Pearson,Female,35,California,Blue Collar,27.Oct.2017,"$59,843.07 ",single,tertiary,no,no,cellular,796,1,failure,yes,A02852
2853,Lorraine  Gibson,Male,48,Nevada,Blue Collar,27.Oct.2017,"$72,225.39 ",married,tertiary,no,no,cellular,303,2,unknown,no,A02853
2854,Ernest  Davis,Male,21,Wyoming,White Collar,27.Oct.2017,"$26,260.00 ",married,secondary,yes,no,cellular,407,2,unknown,no,A02854
2855,Sonya  Mullins,Female,32,Wyoming,White Collar,27.Oct.2017,"$10,861.81 ",single,secondary,no,yes,cellular,229,1,unknown,no,A02855
2856,Paulette  Spencer,Female,40,Wyoming,White Collar,27.Oct.2017,"$116,971.12 ",single,tertiary,no,no,cellular,108,2,unknown,no,A02856
2857,Pauline  Beck,Female,36,Wyoming,White Collar,27.Oct.2017,"$5,912.40 ",single,tertiary,yes,no,cellular,265,1,unknown,no,A02857
2858,Andrew  Meyer,Female,18,Oregon,White Collar,27.Oct.2017,"$50,857.16 ",single,secondary,no,no,telephone,168,1,unknown,no,A02858
2859,Herman  Williams,Female,39,California,Other,28.Oct.2017,"$94,570.00 ",single,secondary,yes,no,cellular,97,1,unknown,no,A02859
2860,Herman  Williams,Male,38,California,Other,28.Oct.2017,"$32,140.67 ",single,primary,yes,no,cellular,169,1,failure,no,A02860
2861,Della  Jensen,Male,39,California,White Collar,28.Oct.2017,"$68,753.69 ",single,tertiary,no,no,cellular,103,2,other,no,A02861
2862,Ruben  Nunez,Male,35,California,White Collar,28.Oct.2017,"$171,572.82 ",married,tertiary,yes,yes,unknown,599,3,unknown,no,A02862
2863,Fernando  Rowe,Male,36,California,White Collar,28.Oct.2017,"$44,845.91 ",single,tertiary,yes,no,cellular,322,2,unknown,no,A02863
2864,Isabel  Cross,Female,30,California,White Collar,28.Oct.2017,"$3,929.43 ",single,tertiary,yes,no,unknown,304,1,unknown,no,A02864
2865,Marian  Hill,Female,35,California,Other,28.Oct.2017,"$73,371.94 ",married,primary,yes,no,cellular,52,3,unknown,no,A02865
2866,Mable  Lindsey,Male,41,California,Blue Collar,28.Oct.2017,"$11,903.06 ",divorced,secondary,no,no,cellular,655,4,unknown,yes,A02866
2867,Lorraine  Gibson,Female,30,California,Other,28.Oct.2017,"$70,752.01 ",married,secondary,yes,yes,cellular,101,2,unknown,no,A02867
2868,Shari  Silva,Male,36,California,White Collar,28.Oct.2017,"$52,529.31 ",single,tertiary,no,no,cellular,65,2,unknown,no,A02868
2869,Lula  Daniels,Male,31,California,White Collar,28.Oct.2017,"$18,480.63 ",married,secondary,yes,no,cellular,173,4,unknown,no,A02869
2870,Marion  Glover,Female,32,California,White Collar,28.Oct.2017,"$101,618.60 ",married,secondary,yes,no,telephone,162,3,unknown,no,A02870
2871,Tiffany  May,Female,35,California,Blue Collar,28.Oct.2017,"$135,690.72 ",married,primary,no,no,cellular,78,2,unknown,no,A02871
2872,Shari  Silva,Female,38,Nevada,Other,28.Oct.2017,"$100,891.61 ",married,tertiary,yes,no,cellular,646,5,unknown,yes,A02872
2873,Rachel  Gomez,Male,49,Nevada,Blue Collar,28.Oct.2017,"$14,634.91 ",single,tertiary,no,no,cellular,114,2,unknown,no,A02873
2874,Fernando  Rowe,Female,25,Wyoming,White Collar,28.Oct.2017,"$11,280.37 ",divorced,tertiary,yes,no,unknown,141,6,unknown,no,A02874
2875,Robert  Munoz,Male,59,California,Other,29.Oct.2017,"$55,943.96 ",single,secondary,yes,no,cellular,133,4,unknown,no,A02875
2876,Della  Jensen,Male,19,California,Other,29.Oct.2017,"$28,892.61 ",single,secondary,yes,no,unknown,1994,2,unknown,no,A02876
2877,Mable  Lindsey,Male,36,California,White Collar,29.Oct.2017,"$6,720.61 ",single,secondary,no,no,cellular,140,2,unknown,no,A02877
2878,Jenny  Garcia,Female,36,California,White Collar,29.Oct.2017,"$88,970.66 ",married,primary,yes,no,cellular,82,3,unknown,no,A02878
2879,Christy  Olson,Female,39,California,White Collar,29.Oct.2017,"$34,094.49 ",divorced,secondary,yes,no,cellular,150,1,unknown,no,A02879
2880,Sonya  Mullins,Male,48,California,White Collar,29.Oct.2017,"$49,407.99 ",married,primary,no,no,cellular,605,1,other,no,A02880
2881,Jenny  Garcia,Male,42,California,White Collar,29.Oct.2017,"$55,903.75 ",married,secondary,yes,no,telephone,164,1,other,no,A02881
2882,Charlie  Wood,Female,30,California,White Collar,29.Oct.2017,"$62,312.21 ",married,tertiary,yes,no,cellular,36,1,unknown,no,A02882
2883,Drew  Rogers,Female,35,California,White Collar,29.Oct.2017,"$9,784.60 ",married,secondary,yes,yes,unknown,290,2,unknown,no,A02883
2884,Lula  Daniels,Male,37,California,White Collar,29.Oct.2017,"$66,972.73 ",married,tertiary,no,no,telephone,104,2,unknown,no,A02884
2885,Charlie  Wood,Female,53,California,Other,29.Oct.2017,"$78,175.66 ",single,secondary,no,no,unknown,413,1,unknown,no,A02885
2886,Don  Gonzales,Female,30,California,White Collar,29.Oct.2017,"$110,197.45 ",single,secondary,yes,no,cellular,153,1,unknown,no,A02886
2887,Ernest  Davis,Female,34,California,White Collar,29.Oct.2017,"$65,769.67 ",divorced,primary,yes,no,unknown,237,2,unknown,no,A02887
2888,Billie  Chandler,Female,39,California,White Collar,29.Oct.2017,"$176,283.03 ",single,tertiary,yes,no,cellular,743,13,unknown,yes,A02888
2889,Marian  Hill,Male,34,California,White Collar,29.Oct.2017,"$93,513.01 ",married,secondary,no,no,cellular,82,4,unknown,no,A02889
2890,Brooke  Horton,Male,31,California,White Collar,29.Oct.2017,"$151,837.13 ",divorced,primary,no,no,cellular,924,4,unknown,no,A02890
2891,Cassandra  Franklin,Male,39,California,White Collar,29.Oct.2017,"$21,442.24 ",married,secondary,yes,no,unknown,117,3,unknown,no,A02891
2892,Lynette  Brewer,Female,37,California,Other,29.Oct.2017,"$24,413.93 ",single,tertiary,no,no,cellular,550,4,unknown,yes,A02892
2893,Joey  Wong,Male,45,California,Other,29.Oct.2017,"$128,345.67 ",single,secondary,no,yes,unknown,5,1,unknown,no,A02893
2894,Eddie  Green,Male,36,California,Other,29.Oct.2017,"$93,852.57 ",divorced,secondary,yes,no,unknown,181,5,unknown,no,A02894
2895,Arturo  Francis,Male,37,Nevada,Blue Collar,29.Oct.2017,"$25,173.03 ",married,tertiary,no,no,cellular,325,2,unknown,no,A02895
2896,Eric  Rose,Male,57,Nevada,Other,29.Oct.2017,"$71,260.84 ",married,secondary,yes,no,unknown,345,1,unknown,no,A02896
2897,Shari  Silva,Male,43,Nevada,Blue Collar,29.Oct.2017,"$75,294.37 ",married,primary,no,no,cellular,331,2,unknown,no,A02897
2898,Nellie  Joseph,Female,51,Nevada,Other,29.Oct.2017,"$70,847.46 ",married,secondary,yes,yes,cellular,112,1,unknown,no,A02898
2899,Ruben  Nunez,Female,34,Nevada,Other,29.Oct.2017,"$85,175.72 ",divorced,secondary,yes,no,unknown,115,6,unknown,no,A02899
2900,Iris  Underwood,Male,60,Nevada,Other,29.Oct.2017,"$173,032.01 ",married,secondary,no,no,cellular,381,3,unknown,no,A02900
2901,Jenny  Garcia,Male,57,Nevada,Blue Collar,29.Oct.2017,"$121,512.51 ",single,tertiary,no,no,cellular,119,1,failure,no,A02901
2902,Salvador  Bass,Male,38,Nevada,Blue Collar,29.Oct.2017,"$158,546.69 ",single,tertiary,yes,no,unknown,25,1,unknown,no,A02902
2903,Ben  Perez,Female,53,Nevada,Other,29.Oct.2017,"$80,327.49 ",married,secondary,yes,no,cellular,929,1,unknown,no,A02903
2904,Tracy  Reed,Female,27,Wyoming,White Collar,29.Oct.2017,"$28,692.19 ",married,tertiary,yes,no,unknown,429,1,unknown,no,A02904
2905,Elbert  Klein,Female,43,Wyoming,White Collar,29.Oct.2017,"$29,086.30 ",married,tertiary,yes,no,cellular,491,1,other,no,A02905
2906,Johanna  Boone,Male,31,Wyoming,Blue Collar,29.Oct.2017,"$45,425.96 ",divorced,secondary,yes,no,cellular,146,1,unknown,no,A02906
2907,Sonya  Mullins,Male,30,Oregon,Blue Collar,29.Oct.2017,"$51,817.45 ",single,tertiary,no,no,cellular,191,2,unknown,no,A02907
2908,Ernest  Davis,Female,32,Oregon,Other,29.Oct.2017,"$23,668.57 ",married,tertiary,no,no,cellular,406,3,unknown,no,A02908
2909,Austin  Reynolds,Male,35,California,White Collar,30.Oct.2017,"$61,629.84 ",married,secondary,yes,no,telephone,220,2,unknown,no,A02909
2910,Bernadette  Page,Female,32,California,White Collar,30.Oct.2017,"$25,506.24 ",married,secondary,no,no,cellular,253,5,unknown,no,A02910
2911,Allan  Ramos,Male,37,California,Blue Collar,30.Oct.2017,"$89,695.85 ",married,secondary,no,no,telephone,340,2,unknown,no,A02911
2912,Bernadette  Page,Female,31,California,White Collar,30.Oct.2017,"$169,952.16 ",married,secondary,yes,no,unknown,154,1,unknown,yes,A02912
2913,Andrew  Meyer,Male,32,California,White Collar,30.Oct.2017,"$41,182.28 ",married,tertiary,no,yes,cellular,121,4,unknown,no,A02913
2914,Lynette  Brewer,Female,33,California,Other,30.Oct.2017,"$3,687.30 ",married,secondary,no,no,cellular,104,5,unknown,no,A02914
2915,Eddie  Green,Female,23,California,White Collar,30.Oct.2017,"$8,901.72 ",married,primary,yes,no,cellular,127,2,failure,no,A02915
2916,Christy  Olson,Male,25,California,Other,30.Oct.2017,"$61,279.28 ",divorced,primary,no,no,cellular,144,1,other,yes,A02916
2917,Patty  Thompson,Male,33,California,White Collar,30.Oct.2017,"$47,699.21 ",single,secondary,yes,no,cellular,149,2,unknown,no,A02917
2918,Edwin  Malone,Male,31,California,White Collar,30.Oct.2017,"$33,192.85 ",single,tertiary,yes,no,cellular,261,1,success,yes,A02918
2919,Shari  Silva,Male,33,California,White Collar,30.Oct.2017,"$74,737.93 ",single,tertiary,no,no,cellular,87,1,failure,no,A02919
2920,Edwin  Malone,Male,43,Nevada,Blue Collar,30.Oct.2017,"$47,370.46 ",married,tertiary,no,no,cellular,719,5,unknown,no,A02920
2921,Joey  Wong,Female,34,Nevada,Other,30.Oct.2017,"$91,573.96 ",married,secondary,yes,no,unknown,292,7,unknown,no,A02921
2922,Fernando  Rowe,Female,59,Nevada,Other,30.Oct.2017,"$80,600.64 ",single,secondary,yes,no,unknown,145,1,unknown,no,A02922
2923,Elbert  Klein,Female,45,Nevada,Other,30.Oct.2017,"$14,408.34 ",married,tertiary,no,no,cellular,52,3,unknown,no,A02923
2924,Lance  Yates,Male,52,Nevada,Blue Collar,30.Oct.2017,"$10,161.46 ",married,secondary,yes,no,cellular,146,1,failure,no,A02924
2925,Lee  Mack,Male,47,Nevada,Blue Collar,30.Oct.2017,"$49,673.31 ",married,secondary,yes,no,cellular,451,1,failure,yes,A02925
2926,Mable  Lindsey,Male,47,Nevada,Blue Collar,30.Oct.2017,"$95,778.09 ",divorced,primary,yes,yes,unknown,167,4,unknown,no,A02926
2927,Trevor  Jones,Female,34,Wyoming,White Collar,30.Oct.2017,"$65,206.63 ",married,tertiary,no,no,cellular,98,4,unknown,no,A02927
2928,Guillermo  Potter,Female,29,Oregon,Blue Collar,30.Oct.2017,"$74,943.69 ",married,secondary,yes,no,unknown,238,2,unknown,no,A02928
2929,Mable  Lindsey,Female,32,California,White Collar,31.Oct.2017,"$39,149.31 ",single,tertiary,no,no,cellular,85,7,unknown,no,A02929
2930,Ellen  Weaver,Male,38,California,Other,31.Oct.2017,"$73,194.19 ",single,tertiary,yes,no,cellular,323,4,unknown,no,A02930
2931,Ben  Perez,Female,31,California,White Collar,31.Oct.2017,"$59,907.10 ",married,primary,no,no,unknown,116,1,unknown,no,A02931
2932,Marian  Hill,Female,32,California,Other,31.Oct.2017,"$1,042.43 ",married,primary,yes,no,cellular,304,3,unknown,no,A02932
2933,Tiffany  May,Female,32,California,White Collar,31.Oct.2017,"$38,005.63 ",single,tertiary,no,no,cellular,267,1,unknown,no,A02933
2934,Elvira  Bowman,Male,36,California,Blue Collar,31.Oct.2017,"$98,431.01 ",married,primary,yes,no,unknown,201,2,unknown,no,A02934
2935,Trevor  Jones,Female,36,California,White Collar,31.Oct.2017,"$147,285.75 ",married,unknown,yes,no,cellular,105,1,failure,no,A02935
2936,Shari  Silva,Female,42,California,White Collar,31.Oct.2017,"$22,968.27 ",married,secondary,yes,no,unknown,193,2,unknown,no,A02936
2937,Lance  Yates,Female,28,California,White Collar,31.Oct.2017,"$5,620.16 ",divorced,secondary,yes,no,cellular,113,1,unknown,no,A02937
2938,Lynette  Brewer,Female,40,California,Other,31.Oct.2017,"$82,818.04 ",married,secondary,yes,no,unknown,151,2,unknown,no,A02938
2939,Cecilia  Manning,Male,35,California,White Collar,31.Oct.2017,"$84,122.87 ",married,secondary,no,no,cellular,200,2,unknown,no,A02939
2940,Allan  Ramos,Female,33,California,Other,31.Oct.2017,"$90,140.76 ",divorced,secondary,yes,no,unknown,145,1,unknown,no,A02940
2941,Ellen  Weaver,Male,50,California,White Collar,31.Oct.2017,"$30,442.28 ",married,secondary,no,no,cellular,214,4,unknown,yes,A02941
2942,Sylvester  Morales,Male,52,Nevada,Other,31.Oct.2017,"$30,046.97 ",single,secondary,no,yes,cellular,36,6,unknown,no,A02942
2943,Edwin  Malone,Male,44,Nevada,Blue Collar,31.Oct.2017,"$151,707.85 ",married,tertiary,yes,yes,cellular,58,2,unknown,no,A02943
2944,Andrew  Meyer,Male,55,Nevada,Blue Collar,31.Oct.2017,"$99,582.61 ",married,secondary,yes,no,unknown,174,2,unknown,no,A02944
2945,Donna  Reid,Male,55,Nevada,Other,31.Oct.2017,"$99,504.16 ",married,tertiary,no,no,cellular,587,1,unknown,yes,A02945
2946,Andrew  Meyer,Male,45,Wyoming,Blue Collar,31.Oct.2017,"$31,370.00 ",single,tertiary,no,no,cellular,112,1,unknown,no,A02946
2947,Don  Gonzales,Female,49,California,White Collar,01.Nov.2017,"$71,789.10 ",married,secondary,yes,no,cellular,175,2,unknown,no,A02947
2948,Christina  Fuller,Female,36,California,White Collar,01.Nov.2017,"$51,668.31 ",married,tertiary,no,no,unknown,279,1,unknown,no,A02948
2949,Max  Rodgers,Female,38,California,White Collar,01.Nov.2017,"$81,722.85 ",single,secondary,yes,no,cellular,270,1,unknown,yes,A02949
2950,Beth  Tucker,Male,33,California,White Collar,01.Nov.2017,"$122,128.57 ",married,primary,yes,no,cellular,116,2,failure,no,A02950
2951,Max  Rodgers,Female,36,California,White Collar,01.Nov.2017,"$70,463.16 ",married,tertiary,yes,no,unknown,129,2,unknown,no,A02951
2952,Beth  Tucker,Female,30,California,White Collar,01.Nov.2017,"$25,867.25 ",married,secondary,yes,no,cellular,38,2,failure,no,A02952
2953,Drew  Rogers,Female,52,California,White Collar,01.Nov.2017,"$82,923.07 ",married,secondary,no,yes,unknown,138,1,unknown,no,A02953
2954,Jaime  Pearson,Female,42,California,Blue Collar,01.Nov.2017,"$115,264.34 ",single,tertiary,no,no,cellular,338,1,unknown,yes,A02954
2955,Shari  Silva,Female,36,California,White Collar,01.Nov.2017,"$70,685.66 ",married,secondary,no,yes,unknown,565,3,unknown,no,A02955
2956,Iris  Underwood,Male,36,California,White Collar,01.Nov.2017,"$50,141.33 ",married,secondary,no,no,cellular,77,8,unknown,no,A02956
2957,Lula  Daniels,Female,47,California,White Collar,01.Nov.2017,"$116,640.90 ",married,tertiary,yes,yes,cellular,314,2,failure,no,A02957
2958,Isabel  Cross,Female,31,California,White Collar,01.Nov.2017,"$88,450.78 ",married,primary,no,no,unknown,179,2,unknown,no,A02958
2959,Elbert  Klein,Male,28,California,White Collar,01.Nov.2017,"$90,292.25 ",married,tertiary,yes,yes,unknown,294,1,unknown,no,A02959
2960,Lance  Yates,Male,29,California,White Collar,01.Nov.2017,"$26,632.60 ",single,secondary,yes,no,cellular,298,1,unknown,no,A02960
2961,Rachel  Gomez,Male,28,California,White Collar,01.Nov.2017,"$9,969.00 ",married,secondary,yes,no,telephone,427,2,unknown,no,A02961
2962,Edwin  Malone,Female,34,California,White Collar,01.Nov.2017,"$111,919.48 ",married,secondary,yes,no,cellular,87,4,failure,no,A02962
2963,Ruben  Nunez,Female,37,California,Blue Collar,01.Nov.2017,"$24,488.76 ",married,tertiary,yes,no,cellular,397,1,unknown,yes,A02963
2964,Elbert  Klein,Female,37,California,White Collar,01.Nov.2017,"$10,215.43 ",single,tertiary,no,no,cellular,344,1,failure,yes,A02964
2965,Max  Rodgers,Male,37,California,White Collar,01.Nov.2017,"$42,279.43 ",married,primary,no,no,cellular,74,5,unknown,no,A02965
2966,Rachel  Gomez,Female,41,California,Other,01.Nov.2017,"$105,150.79 ",married,primary,yes,no,unknown,148,4,unknown,no,A02966
2967,Shari  Silva,Female,38,California,White Collar,01.Nov.2017,"$8,734.07 ",married,tertiary,no,no,unknown,161,3,unknown,no,A02967
2968,Brooke  Horton,Female,33,California,White Collar,01.Nov.2017,"$53,755.97 ",divorced,primary,no,no,unknown,110,1,unknown,no,A02968
2969,Blake  Bridges,Female,43,California,White Collar,01.Nov.2017,"$39,905.67 ",married,secondary,yes,no,cellular,1529,1,failure,no,A02969
2970,Salvador  Bass,Male,24,California,Blue Collar,01.Nov.2017,"$32,238.99 ",married,tertiary,no,no,cellular,236,1,success,no,A02970
2971,Dan  Peterson,Female,25,California,Other,01.Nov.2017,"$106,988.55 ",single,tertiary,yes,no,cellular,89,2,unknown,no,A02971
2972,Shari  Silva,Male,59,Nevada,Other,01.Nov.2017,"$22,987.84 ",married,secondary,yes,no,cellular,390,1,failure,no,A02972
2973,Ivan  Adkins,Male,48,Nevada,Blue Collar,01.Nov.2017,"$16,776.00 ",married,secondary,no,no,unknown,1467,1,unknown,yes,A02973
2974,Isabel  Cross,Male,37,Nevada,White Collar,01.Nov.2017,"$23,597.10 ",married,secondary,yes,yes,unknown,646,3,unknown,yes,A02974
2975,Shari  Silva,Female,52,Nevada,Other,01.Nov.2017,"$18,223.81 ",divorced,tertiary,yes,no,cellular,183,1,unknown,no,A02975
2976,Nellie  Joseph,Male,56,Nevada,Blue Collar,01.Nov.2017,"$96,272.97 ",single,tertiary,yes,no,cellular,168,2,unknown,no,A02976
2977,Robert  Munoz,Female,45,Nevada,Other,01.Nov.2017,"$50,592.78 ",single,secondary,yes,no,unknown,66,1,unknown,no,A02977
2978,Mable  Lindsey,Male,52,Nevada,Blue Collar,01.Nov.2017,"$18,862.37 ",married,tertiary,no,yes,cellular,160,3,failure,no,A02978
2979,Joey  Wong,Male,57,Nevada,Blue Collar,01.Nov.2017,"$9,604.82 ",single,tertiary,yes,no,cellular,14,2,unknown,no,A02979
2980,Sandra  Floyd,Female,31,Oregon,Blue Collar,01.Nov.2017,"$9,040.13 ",married,secondary,yes,no,unknown,220,4,unknown,no,A02980
2981,Kyle  Carr,Female,23,California,Other,02.Nov.2017,"$24,504.37 ",divorced,secondary,no,yes,unknown,1007,1,unknown,yes,A02981
2982,Cassandra  Franklin,Male,46,California,White Collar,02.Nov.2017,"$26,502.87 ",divorced,secondary,no,no,cellular,149,13,unknown,no,A02982
2983,Jenny  Garcia,Female,24,California,Blue Collar,02.Nov.2017,"$82,800.87 ",married,tertiary,yes,no,unknown,665,1,unknown,no,A02983
2984,Cecilia  Manning,Male,34,California,Other,02.Nov.2017,"$44,394.76 ",married,secondary,yes,no,telephone,174,3,unknown,no,A02984
2985,Cindy  Becker,Male,37,California,White Collar,02.Nov.2017,"$20,175.45 ",single,tertiary,no,no,cellular,105,1,unknown,no,A02985
2986,Dan  Peterson,Female,18,California,Other,02.Nov.2017,"$13,851.34 ",single,secondary,no,no,cellular,990,1,unknown,yes,A02986
2987,Robert  Munoz,Male,48,Nevada,Other,02.Nov.2017,"$43,093.64 ",single,tertiary,no,no,cellular,582,1,unknown,no,A02987
2988,Edwin  Malone,Male,58,Nevada,Blue Collar,02.Nov.2017,"$58,827.69 ",married,secondary,yes,no,cellular,136,1,unknown,no,A02988
2989,Kyle  Carr,Female,52,Nevada,Other,02.Nov.2017,"$24,988.90 ",single,secondary,no,no,cellular,223,1,failure,yes,A02989
2990,Iris  Underwood,Male,31,Nevada,Blue Collar,02.Nov.2017,"$24,581.82 ",married,tertiary,no,no,cellular,205,2,unknown,no,A02990
2991,Cindy  Becker,Male,54,Nevada,Blue Collar,02.Nov.2017,"$30,455.16 ",married,primary,yes,no,cellular,214,1,failure,no,A02991
2992,Herman  Williams,Female,18,California,White Collar,03.Nov.2017,"$47,341.34 ",divorced,tertiary,yes,no,cellular,217,6,unknown,no,A02992
2993,Rachel  Gomez,Male,37,California,Blue Collar,03.Nov.2017,"$7,051.10 ",married,secondary,yes,no,cellular,171,2,success,no,A02993
2994,Shari  Silva,Female,35,California,White Collar,03.Nov.2017,"$25,852.79 ",married,secondary,yes,no,unknown,50,1,unknown,no,A02994
2995,Della  Jensen,Female,29,California,Blue Collar,03.Nov.2017,"$84,023.30 ",married,tertiary,yes,no,unknown,65,3,unknown,no,A02995
2996,Sylvester  Morales,Female,44,California,Blue Collar,03.Nov.2017,"$7,218.27 ",single,secondary,yes,no,unknown,55,1,unknown,no,A02996
2997,Ellen  Weaver,Female,31,California,Other,03.Nov.2017,"$6,064.82 ",married,secondary,no,no,unknown,256,3,unknown,no,A02997
2998,Lance  Yates,Male,30,California,Blue Collar,03.Nov.2017,"$23,062.54 ",married,secondary,yes,yes,unknown,151,1,unknown,no,A02998
2999,Mable  Lindsey,Female,32,California,White Collar,03.Nov.2017,"$66,635.46 ",single,tertiary,no,no,cellular,226,1,unknown,no,A02999
3000,Christina  Fuller,Female,30,California,White Collar,03.Nov.2017,"$77,909.90 ",married,tertiary,yes,no,cellular,97,5,unknown,no,A03000
3001,Shari  Silva,Male,47,California,Blue Collar,03.Nov.2017,"$12,799.21 ",married,secondary,no,yes,telephone,92,1,unknown,no,A03001
3002,Rachel  Gomez,Male,23,California,White Collar,03.Nov.2017,$955.10 ,married,secondary,yes,no,unknown,343,1,unknown,no,A03002
3003,Drew  Rogers,Male,54,Nevada,Blue Collar,03.Nov.2017,"$102,931.46 ",single,secondary,yes,no,cellular,493,5,unknown,no,A03003
3004,Max  Rodgers,Male,51,Nevada,Blue Collar,03.Nov.2017,"$77,888.79 ",single,tertiary,no,no,cellular,216,3,unknown,no,A03004
3005,Salvador  Bass,Male,39,Nevada,White Collar,03.Nov.2017,"$104,047.85 ",married,secondary,yes,no,cellular,224,7,other,no,A03005
3006,Robert  Munoz,Female,34,Wyoming,White Collar,03.Nov.2017,"$173,679.25 ",married,secondary,no,no,cellular,190,1,success,yes,A03006
3007,Eddie  Green,Female,43,Wyoming,White Collar,03.Nov.2017,"$49,755.04 ",married,unknown,no,no,cellular,458,6,unknown,yes,A03007
3008,Felicia  Jennings,Male,43,Wyoming,Other,03.Nov.2017,"$116,898.76 ",married,secondary,yes,no,cellular,222,1,failure,no,A03008
3009,Rachel  Gomez,Female,31,Oregon,Other,03.Nov.2017,"$75,669.67 ",married,unknown,yes,no,cellular,612,1,other,no,A03009
3010,Charlie  Wood,Female,56,California,White Collar,04.Nov.2017,"$70,815.19 ",married,primary,yes,no,telephone,137,1,unknown,no,A03010
3011,Eddie  Green,Male,41,California,White Collar,04.Nov.2017,"$3,976.61 ",single,tertiary,yes,no,unknown,104,2,unknown,no,A03011
3012,Brooke  Horton,Female,32,California,White Collar,04.Nov.2017,"$122,542.96 ",married,secondary,no,no,cellular,206,4,unknown,no,A03012
3013,Max  Rodgers,Male,49,Nevada,Blue Collar,04.Nov.2017,"$25,837.94 ",married,secondary,yes,no,cellular,172,28,unknown,no,A03013
3014,Andrew  Meyer,Male,60,Nevada,Other,04.Nov.2017,"$82,347.69 ",married,tertiary,yes,no,cellular,152,2,unknown,yes,A03014
3015,Bobbie  Ryan,Female,18,Wyoming,Other,04.Nov.2017,"$27,722.04 ",married,secondary,yes,no,cellular,114,1,unknown,no,A03015
3016,Iris  Underwood,Male,36,California,White Collar,05.Nov.2017,"$26,600.99 ",married,tertiary,no,no,cellular,89,1,unknown,no,A03016
3017,Marian  Hill,Male,30,California,Other,05.Nov.2017,"$107,161.60 ",single,secondary,yes,no,unknown,158,1,unknown,no,A03017
3018,Cecilia  Manning,Male,26,California,White Collar,05.Nov.2017,"$51,530.82 ",married,primary,no,yes,cellular,326,11,unknown,no,A03018
3019,Don  Gonzales,Male,42,California,White Collar,05.Nov.2017,"$29,843.55 ",married,secondary,no,yes,unknown,215,3,unknown,no,A03019
3020,Andrew  Meyer,Male,30,California,White Collar,05.Nov.2017,"$50,573.25 ",divorced,secondary,yes,no,cellular,53,1,unknown,no,A03020
3021,Shari  Silva,Female,43,California,Blue Collar,05.Nov.2017,"$57,054.07 ",single,secondary,no,no,cellular,71,11,unknown,no,A03021
3022,Charlie  Wood,Female,27,California,White Collar,05.Nov.2017,"$94,412.87 ",married,primary,no,no,cellular,487,2,other,no,A03022
3023,Trevor  Jones,Male,37,California,White Collar,05.Nov.2017,"$115,672.18 ",married,secondary,yes,no,cellular,340,2,failure,no,A03023
3024,Colleen  Warren,Female,41,California,White Collar,05.Nov.2017,"$56,744.03 ",single,tertiary,no,no,cellular,183,1,failure,no,A03024
3025,Max  Rodgers,Female,37,California,Other,05.Nov.2017,"$55,661.33 ",divorced,tertiary,no,yes,cellular,131,2,unknown,no,A03025
3026,Drew  Rogers,Female,25,California,White Collar,05.Nov.2017,"$110,831.99 ",single,tertiary,yes,no,telephone,208,1,failure,no,A03026
3027,Della  Jensen,Female,32,California,White Collar,05.Nov.2017,"$83,206.27 ",divorced,tertiary,no,no,unknown,311,5,unknown,no,A03027
3028,Donna  Reid,Female,35,California,White Collar,05.Nov.2017,"$7,831.10 ",married,tertiary,no,no,cellular,147,1,success,yes,A03028
3029,Herman  Williams,Male,33,Nevada,White Collar,05.Nov.2017,"$91,161.79 ",married,secondary,yes,no,unknown,83,1,unknown,no,A03029
3030,Kyle  Carr,Female,44,Nevada,Other,05.Nov.2017,"$19,311.55 ",married,primary,yes,no,unknown,775,3,unknown,yes,A03030
3031,Sylvester  Morales,Male,40,Nevada,Blue Collar,05.Nov.2017,"$63,374.91 ",married,secondary,no,no,cellular,25,18,unknown,no,A03031
3032,Paulette  Spencer,Male,44,Nevada,Blue Collar,05.Nov.2017,"$128,631.76 ",married,tertiary,yes,no,cellular,497,5,unknown,no,A03032
3033,Drew  Rogers,Male,45,Nevada,Blue Collar,05.Nov.2017,"$131,888.19 ",divorced,secondary,yes,no,unknown,180,1,unknown,no,A03033
3034,Max  Rodgers,Female,28,Wyoming,Other,05.Nov.2017,"$92,741.49 ",divorced,secondary,yes,yes,cellular,698,2,failure,yes,A03034
3035,Herman  Williams,Female,40,Wyoming,White Collar,05.Nov.2017,"$16,289.18 ",married,primary,no,no,unknown,134,1,unknown,no,A03035
3036,Bethany  Pena,Female,39,Oregon,Other,05.Nov.2017,"$75,359.81 ",married,tertiary,yes,no,cellular,223,2,other,no,A03036
3037,Max  Rodgers,Female,42,Oregon,Other,05.Nov.2017,"$64,739.16 ",married,primary,no,no,cellular,399,3,unknown,yes,A03037
3038,Trevor  Jones,Male,38,California,White Collar,06.Nov.2017,"$18,477.27 ",married,secondary,yes,no,unknown,420,1,unknown,no,A03038
3039,Trevor  Jones,Male,28,California,White Collar,06.Nov.2017,"$19,984.76 ",married,secondary,yes,no,unknown,233,3,unknown,no,A03039
3040,Christy  Olson,Female,29,California,Other,06.Nov.2017,"$2,736.04 ",married,primary,no,no,cellular,702,1,unknown,no,A03040
3041,Kyle  Carr,Male,34,California,White Collar,06.Nov.2017,"$28,314.21 ",married,secondary,yes,no,cellular,161,1,failure,yes,A03041
3042,Lorraine  Gibson,Male,61,Nevada,Blue Collar,06.Nov.2017,"$40,925.63 ",single,secondary,yes,no,cellular,110,1,failure,no,A03042
3043,Lula  Daniels,Male,49,Nevada,Other,06.Nov.2017,"$125,356.24 ",married,tertiary,no,no,cellular,27,6,unknown,no,A03043
3044,Beth  Tucker,Male,43,Nevada,Other,06.Nov.2017,"$105,415.01 ",married,primary,yes,no,telephone,58,2,failure,no,A03044
3045,Drew  Rogers,Female,32,California,Blue Collar,07.Nov.2017,"$16,144.91 ",married,unknown,no,no,cellular,68,1,unknown,no,A03045
3046,Tiffany  May,Female,26,California,White Collar,07.Nov.2017,"$19,848.30 ",married,tertiary,no,no,cellular,92,2,unknown,no,A03046
3047,Bernadette  Page,Male,33,California,White Collar,07.Nov.2017,"$45,114.19 ",married,primary,no,yes,cellular,45,1,unknown,no,A03047
3048,Don  Gonzales,Male,46,California,White Collar,07.Nov.2017,"$125,492.33 ",single,secondary,yes,no,cellular,79,1,unknown,no,A03048
3049,Edwin  Malone,Male,35,California,Blue Collar,07.Nov.2017,"$23,743.13 ",single,secondary,yes,no,cellular,11,5,other,no,A03049
3050,Cecilia  Manning,Male,48,California,White Collar,07.Nov.2017,"$27,243.99 ",single,tertiary,yes,no,cellular,520,1,unknown,no,A03050
3051,Allan  Ramos,Male,39,California,White Collar,07.Nov.2017,"$89,016.19 ",single,unknown,no,no,cellular,86,1,unknown,no,A03051
3052,Jenny  Garcia,Female,51,Nevada,Blue Collar,07.Nov.2017,"$77,613.30 ",married,tertiary,no,no,cellular,16,16,unknown,no,A03052
3053,Cecilia  Manning,Female,39,Nevada,Other,07.Nov.2017,"$46,632.85 ",married,secondary,no,no,cellular,154,2,unknown,no,A03053
3054,Bernadette  Page,Female,56,Nevada,Other,07.Nov.2017,"$43,542.09 ",married,primary,yes,no,unknown,91,1,unknown,no,A03054
3055,Felicia  Jennings,Male,36,Nevada,Blue Collar,07.Nov.2017,"$158,619.01 ",single,secondary,no,no,cellular,389,2,unknown,no,A03055
3056,Ernest  Davis,Female,33,California,White Collar,08.Nov.2017,"$96,390.90 ",married,secondary,no,yes,cellular,71,15,unknown,no,A03056
3057,Iris  Underwood,Female,43,California,Other,08.Nov.2017,"$109,851.96 ",single,secondary,yes,no,unknown,111,3,unknown,no,A03057
3058,Kyle  Carr,Female,44,California,White Collar,08.Nov.2017,"$13,743.33 ",married,tertiary,yes,no,unknown,68,2,unknown,no,A03058
3059,Jaime  Pearson,Male,24,California,White Collar,08.Nov.2017,"$53,640.25 ",married,secondary,yes,no,cellular,75,2,failure,no,A03059
3060,Bethany  Pena,Female,31,California,White Collar,08.Nov.2017,"$2,159.19 ",married,primary,no,yes,cellular,212,1,unknown,no,A03060
3061,Rachel  Gomez,Female,25,California,Other,08.Nov.2017,"$2,819.97 ",married,secondary,no,no,cellular,91,2,failure,no,A03061
3062,Lynette  Brewer,Male,39,California,Blue Collar,08.Nov.2017,"$43,342.76 ",married,secondary,no,no,cellular,79,2,unknown,no,A03062
3063,Carla  Mccormick,Male,24,California,White Collar,08.Nov.2017,"$37,126.34 ",married,tertiary,no,no,cellular,646,2,unknown,no,A03063
3064,Rachel  Gomez,Male,43,California,White Collar,08.Nov.2017,"$6,597.18 ",married,secondary,yes,no,cellular,206,1,unknown,no,A03064
3065,Della  Jensen,Female,32,California,White Collar,08.Nov.2017,"$40,931.03 ",single,tertiary,yes,no,cellular,257,1,failure,yes,A03065
3066,Isabel  Cross,Female,27,California,White Collar,08.Nov.2017,"$4,655.54 ",married,secondary,no,yes,cellular,81,2,unknown,no,A03066
3067,Eddie  Green,Male,51,Nevada,White Collar,08.Nov.2017,"$48,429.78 ",married,secondary,yes,no,cellular,470,1,other,no,A03067
3068,Max  Rodgers,Female,48,Nevada,Other,08.Nov.2017,"$28,490.06 ",single,tertiary,yes,no,unknown,133,2,unknown,no,A03068
3069,Salvador  Bass,Male,52,Nevada,White Collar,08.Nov.2017,"$111,283.34 ",married,tertiary,no,no,unknown,230,2,unknown,no,A03069
3070,Ben  Perez,Female,40,Nevada,Other,08.Nov.2017,"$32,875.25 ",married,primary,yes,no,cellular,76,6,unknown,no,A03070
3071,Max  Rodgers,Female,49,Nevada,Other,08.Nov.2017,"$171,743.91 ",single,unknown,no,no,unknown,26,1,unknown,no,A03071
3072,Ben  Perez,Female,31,Nevada,Other,08.Nov.2017,"$21,679.48 ",single,secondary,yes,no,cellular,154,2,failure,no,A03072
3073,Donna  Reid,Male,31,Wyoming,White Collar,08.Nov.2017,"$52,907.13 ",married,tertiary,yes,yes,cellular,94,4,unknown,no,A03073
3074,Carla  Mccormick,Female,38,Wyoming,White Collar,08.Nov.2017,"$18,545.75 ",married,tertiary,no,no,cellular,254,2,unknown,yes,A03074
3075,Max  Rodgers,Male,27,Wyoming,White Collar,08.Nov.2017,"$133,112.85 ",married,tertiary,yes,yes,cellular,1156,1,unknown,no,A03075
3076,Willie  Vega,Male,29,California,Blue Collar,09.Nov.2017,"$14,278.73 ",married,secondary,no,no,cellular,248,5,unknown,no,A03076
3077,Elaine  Ellis,Female,47,California,White Collar,09.Nov.2017,"$13,796.52 ",married,primary,no,no,cellular,884,3,unknown,no,A03077
3078,Billie  Chandler,Male,23,California,Other,09.Nov.2017,"$6,846.46 ",married,secondary,no,yes,cellular,275,2,unknown,no,A03078
3079,Jaime  Pearson,Female,29,California,White Collar,09.Nov.2017,"$51,827.76 ",married,secondary,yes,no,cellular,200,2,unknown,no,A03079
3080,Marion  Glover,Male,37,California,Other,09.Nov.2017,"$34,919.27 ",divorced,secondary,yes,no,unknown,228,1,unknown,no,A03080
3081,Jaime  Pearson,Male,35,California,Blue Collar,09.Nov.2017,"$6,943.76 ",married,secondary,no,no,cellular,475,2,unknown,yes,A03081
3082,Jenny  Garcia,Female,35,California,Blue Collar,09.Nov.2017,"$26,442.30 ",divorced,secondary,no,no,cellular,393,5,unknown,no,A03082
3083,Kyle  Carr,Male,30,California,White Collar,09.Nov.2017,"$12,569.12 ",married,primary,no,no,cellular,156,4,unknown,no,A03083
3084,Rachel  Gomez,Female,46,Nevada,Blue Collar,09.Nov.2017,"$79,592.51 ",married,primary,no,no,cellular,244,3,unknown,no,A03084
3085,Shari  Silva,Female,43,Nevada,Other,09.Nov.2017,"$57,175.45 ",married,secondary,yes,no,unknown,118,1,unknown,no,A03085
3086,Elbert  Klein,Male,42,Nevada,Blue Collar,09.Nov.2017,"$102,944.58 ",single,secondary,no,no,cellular,40,2,unknown,no,A03086
3087,Max  Rodgers,Female,28,Nevada,Other,09.Nov.2017,"$48,458.54 ",married,secondary,yes,no,unknown,700,3,unknown,no,A03087
3088,Sonya  Mullins,Female,51,Nevada,Other,09.Nov.2017,"$7,801.04 ",single,tertiary,yes,no,cellular,97,3,unknown,no,A03088
3089,Cassandra  Franklin,Male,56,Nevada,Blue Collar,09.Nov.2017,"$82,528.94 ",single,secondary,no,no,cellular,252,1,success,yes,A03089
3090,Cindy  Becker,Female,50,Wyoming,Other,09.Nov.2017,"$136,669.91 ",married,secondary,no,yes,cellular,360,4,unknown,no,A03090
3091,Billie  Chandler,Female,23,California,White Collar,10.Nov.2017,"$36,393.43 ",married,tertiary,no,no,cellular,235,1,unknown,no,A03091
3092,Dan  Peterson,Female,30,California,White Collar,10.Nov.2017,"$39,627.04 ",married,secondary,yes,no,unknown,1521,1,unknown,no,A03092
3093,Bethany  Pena,Male,34,California,White Collar,10.Nov.2017,"$106,510.03 ",married,tertiary,yes,no,cellular,105,4,failure,no,A03093
3094,Marion  Glover,Female,23,California,White Collar,10.Nov.2017,"$199,386.39 ",married,tertiary,no,yes,cellular,86,1,unknown,no,A03094
3095,Beth  Tucker,Male,34,California,White Collar,10.Nov.2017,"$144,616.12 ",married,secondary,no,no,cellular,484,1,failure,no,A03095
3096,Joey  Wong,Male,26,California,Blue Collar,10.Nov.2017,"$14,085.18 ",single,secondary,no,no,telephone,117,1,unknown,no,A03096
3097,Rachel  Gomez,Female,24,California,White Collar,10.Nov.2017,"$139,296.94 ",married,secondary,no,no,unknown,119,1,unknown,no,A03097
3098,Cassandra  Franklin,Male,50,Nevada,White Collar,10.Nov.2017,"$29,784.00 ",married,primary,yes,no,unknown,359,1,unknown,no,A03098
3099,Lee  Mack,Male,40,Nevada,Blue Collar,10.Nov.2017,"$27,619.15 ",married,primary,no,no,telephone,109,8,unknown,no,A03099
3100,Robert  Munoz,Male,61,Nevada,Blue Collar,10.Nov.2017,"$9,316.88 ",married,secondary,no,no,unknown,236,1,unknown,no,A03100
3101,Joey  Wong,Male,53,Nevada,Blue Collar,10.Nov.2017,"$7,194.94 ",married,primary,no,no,telephone,203,3,failure,no,A03101
3102,Andrew  Meyer,Male,61,Nevada,Other,10.Nov.2017,"$8,523.04 ",married,primary,yes,no,unknown,202,2,unknown,no,A03102
3103,Christina  Fuller,Male,61,Nevada,Blue Collar,10.Nov.2017,"$112,891.48 ",married,secondary,no,yes,unknown,42,1,unknown,no,A03103
3104,Shari  Silva,Male,42,Wyoming,White Collar,10.Nov.2017,"$21,937.70 ",married,secondary,no,yes,unknown,21,1,unknown,no,A03104
3105,Peter  Hodges,Male,31,Wyoming,White Collar,10.Nov.2017,"$72,690.78 ",single,secondary,yes,no,cellular,186,1,unknown,no,A03105
3106,Jenny  Garcia,Male,32,Wyoming,Blue Collar,10.Nov.2017,"$64,972.64 ",divorced,secondary,yes,no,cellular,172,1,unknown,no,A03106
3107,Rachel  Gomez,Male,42,California,White Collar,11.Nov.2017,"$74,153.42 ",divorced,secondary,yes,no,cellular,527,1,unknown,no,A03107
3108,Rachel  Gomez,Male,27,California,White Collar,11.Nov.2017,"$219,240.87 ",married,secondary,yes,no,telephone,175,1,unknown,no,A03108
3109,Robert  Munoz,Female,38,California,White Collar,11.Nov.2017,"$35,321.72 ",married,primary,yes,no,unknown,21,18,unknown,no,A03109
3110,Jenny  Garcia,Female,45,California,White Collar,11.Nov.2017,"$32,379.51 ",single,tertiary,no,yes,cellular,370,4,unknown,no,A03110
3111,Isabel  Cross,Male,33,California,Other,11.Nov.2017,"$3,892.97 ",married,secondary,yes,no,unknown,54,2,unknown,no,A03111
3112,Bobbie  Ryan,Male,30,California,White Collar,11.Nov.2017,"$63,778.70 ",married,secondary,yes,no,cellular,63,3,unknown,no,A03112
3113,Cecilia  Manning,Male,25,California,White Collar,11.Nov.2017,"$53,762.00 ",married,secondary,yes,no,unknown,116,3,unknown,no,A03113
3114,Rachel  Gomez,Female,34,California,White Collar,11.Nov.2017,"$28,141.93 ",divorced,secondary,yes,no,unknown,151,1,unknown,no,A03114
3115,Shari  Silva,Male,34,California,White Collar,11.Nov.2017,"$63,325.75 ",single,secondary,yes,no,cellular,300,1,unknown,no,A03115
3116,Guillermo  Potter,Male,35,California,Other,11.Nov.2017,"$37,695.87 ",married,tertiary,yes,no,cellular,48,1,failure,no,A03116
3117,Guillermo  Potter,Female,32,California,White Collar,11.Nov.2017,"$95,723.48 ",married,secondary,no,no,unknown,217,1,unknown,no,A03117
3118,Patty  Thompson,Male,58,Nevada,Blue Collar,11.Nov.2017,"$113,922.33 ",single,secondary,yes,no,cellular,727,2,unknown,yes,A03118
3119,Lance  Yates,Female,39,Nevada,Other,11.Nov.2017,"$90,009.81 ",married,secondary,yes,no,unknown,193,1,unknown,no,A03119
3120,Iris  Underwood,Male,53,Nevada,White Collar,11.Nov.2017,"$42,505.31 ",married,secondary,yes,yes,cellular,72,1,failure,no,A03120
3121,Cindy  Becker,Female,27,Nevada,Other,11.Nov.2017,"$11,692.90 ",married,primary,yes,no,unknown,165,1,unknown,no,A03121
3122,Robert  Munoz,Male,45,Nevada,Blue Collar,11.Nov.2017,"$16,058.48 ",married,tertiary,no,no,cellular,345,10,unknown,no,A03122
3123,Pauline  Beck,Male,52,Nevada,Blue Collar,11.Nov.2017,"$46,678.88 ",married,primary,yes,no,unknown,206,2,unknown,no,A03123
3124,Della  Jensen,Male,51,Nevada,Blue Collar,11.Nov.2017,"$92,892.10 ",married,secondary,no,yes,cellular,994,2,unknown,yes,A03124
3125,Fernando  Rowe,Male,60,Nevada,Other,11.Nov.2017,"$34,508.99 ",married,tertiary,yes,no,unknown,127,2,unknown,no,A03125
3126,Drew  Rogers,Female,58,Nevada,Other,11.Nov.2017,"$156,870.90 ",married,primary,yes,no,unknown,29,32,unknown,no,A03126
3127,Salvador  Bass,Male,45,Nevada,Blue Collar,11.Nov.2017,"$42,766.43 ",married,primary,no,no,unknown,70,3,unknown,no,A03127
3128,Lance  Yates,Male,49,Nevada,Blue Collar,11.Nov.2017,"$52,525.13 ",married,secondary,yes,yes,cellular,40,2,unknown,no,A03128
3129,Marian  Hill,Female,25,Wyoming,White Collar,11.Nov.2017,"$21,837.76 ",married,primary,no,yes,telephone,185,4,unknown,no,A03129
3130,Salvador  Bass,Female,34,Wyoming,White Collar,11.Nov.2017,"$12,620.58 ",divorced,unknown,no,no,cellular,64,2,unknown,no,A03130
3131,Felicia  Jennings,Female,44,Wyoming,White Collar,11.Nov.2017,"$49,509.57 ",married,secondary,no,no,unknown,97,1,unknown,no,A03131
3132,Nellie  Joseph,Female,46,Wyoming,Blue Collar,11.Nov.2017,"$43,300.99 ",married,secondary,no,no,cellular,316,5,unknown,no,A03132
3133,Patty  Thompson,Female,46,California,Blue Collar,12.Nov.2017,"$7,323.27 ",married,tertiary,yes,no,cellular,125,1,failure,no,A03133
3134,Blake  Bridges,Male,39,California,White Collar,12.Nov.2017,"$6,809.63 ",married,primary,yes,no,unknown,233,1,unknown,no,A03134
3135,Ellen  Weaver,Male,29,California,Blue Collar,12.Nov.2017,"$28,533.99 ",divorced,secondary,yes,no,unknown,14,7,other,no,A03135
3136,Marian  Hill,Male,32,California,White Collar,12.Nov.2017,"$88,455.60 ",married,tertiary,yes,no,cellular,245,1,unknown,yes,A03136
3137,Salvador  Bass,Female,34,California,White Collar,12.Nov.2017,"$39,951.42 ",married,primary,yes,no,unknown,109,1,unknown,no,A03137
3138,Austin  Reynolds,Male,41,Nevada,Blue Collar,12.Nov.2017,"$145,709.43 ",married,secondary,yes,yes,cellular,429,2,unknown,no,A03138
3139,Cecilia  Manning,Male,58,Nevada,Blue Collar,12.Nov.2017,"$16,097.39 ",married,tertiary,no,no,cellular,133,11,unknown,no,A03139
3140,Herman  Williams,Male,32,Nevada,Blue Collar,12.Nov.2017,"$68,371.72 ",single,secondary,no,no,cellular,70,2,unknown,no,A03140
3141,Johanna  Boone,Male,18,Nevada,Blue Collar,12.Nov.2017,"$38,653.33 ",married,primary,yes,no,unknown,118,1,unknown,no,A03141
3142,Cecilia  Manning,Female,40,Wyoming,White Collar,12.Nov.2017,"$29,025.67 ",single,secondary,yes,no,cellular,1579,1,failure,yes,A03142
3143,Max  Rodgers,Male,39,Wyoming,Blue Collar,12.Nov.2017,"$71,689.36 ",single,primary,yes,yes,telephone,29,1,unknown,no,A03143
3144,Mable  Lindsey,Male,41,Wyoming,White Collar,12.Nov.2017,"$12,202.97 ",married,secondary,no,no,unknown,173,1,unknown,no,A03144
3145,Charlie  Wood,Male,29,California,White Collar,13.Nov.2017,"$30,098.04 ",married,tertiary,no,no,cellular,13,14,unknown,no,A03145
3146,Drew  Rogers,Male,44,California,White Collar,13.Nov.2017,"$19,670.00 ",divorced,secondary,yes,no,cellular,183,1,failure,no,A03146
3147,Salvador  Bass,Male,37,California,White Collar,13.Nov.2017,"$89,064.01 ",married,tertiary,yes,no,cellular,175,2,unknown,no,A03147
3148,Brooke  Horton,Female,32,California,White Collar,13.Nov.2017,"$79,513.19 ",married,secondary,no,no,unknown,123,1,unknown,no,A03148
3149,Edwin  Malone,Female,38,California,White Collar,13.Nov.2017,"$2,637.94 ",single,secondary,yes,no,cellular,288,1,other,no,A03149
3150,Robert  Munoz,Female,32,California,White Collar,13.Nov.2017,"$13,860.66 ",married,secondary,yes,no,unknown,19,18,unknown,no,A03150
3151,Cindy  Becker,Female,38,California,White Collar,13.Nov.2017,"$98,645.40 ",married,secondary,no,no,cellular,136,4,unknown,no,A03151
3152,Brooke  Horton,Male,51,Nevada,Other,13.Nov.2017,"$20,218.10 ",married,secondary,no,no,unknown,437,2,unknown,no,A03152
3153,Della  Jensen,Male,51,Nevada,Blue Collar,13.Nov.2017,"$163,275.81 ",married,primary,no,no,cellular,1225,2,unknown,no,A03153
3154,Salvador  Bass,Male,49,Nevada,Other,13.Nov.2017,"$68,102.48 ",married,primary,yes,no,unknown,526,8,unknown,no,A03154
3155,Woodrow  Colon,Female,56,Nevada,Other,13.Nov.2017,"$17,705.12 ",divorced,secondary,no,no,cellular,91,2,unknown,no,A03155
3156,Andrew  Meyer,Male,42,Wyoming,White Collar,13.Nov.2017,"$67,978.36 ",single,tertiary,yes,no,cellular,123,3,unknown,no,A03156
3157,Bobbie  Ryan,Male,35,Wyoming,White Collar,13.Nov.2017,"$10,654.67 ",single,secondary,yes,no,cellular,62,1,unknown,no,A03157
3158,Robert  Munoz,Female,42,Wyoming,Blue Collar,13.Nov.2017,"$36,175.97 ",married,secondary,no,no,cellular,865,2,failure,no,A03158
3159,Herman  Williams,Female,27,California,White Collar,14.Nov.2017,"$110,032.67 ",married,secondary,no,no,telephone,82,3,unknown,no,A03159
3160,Christy  Olson,Female,33,California,White Collar,14.Nov.2017,"$32,648.82 ",married,secondary,yes,no,cellular,219,7,failure,no,A03160
3161,Bethany  Pena,Male,44,California,White Collar,14.Nov.2017,"$5,655.58 ",married,tertiary,no,no,cellular,569,1,unknown,yes,A03161
3162,Nellie  Joseph,Female,29,California,White Collar,14.Nov.2017,"$34,565.61 ",married,secondary,yes,no,cellular,460,2,unknown,yes,A03162
3163,Cecilia  Manning,Female,23,California,White Collar,14.Nov.2017,"$34,656.72 ",married,secondary,yes,no,cellular,238,3,unknown,no,A03163
3164,Christina  Fuller,Female,37,California,White Collar,14.Nov.2017,"$41,467.58 ",single,secondary,no,no,cellular,346,5,unknown,no,A03164
3165,Lance  Yates,Male,31,California,White Collar,14.Nov.2017,"$15,486.78 ",married,secondary,no,no,cellular,161,2,unknown,no,A03165
3166,Guillermo  Potter,Female,25,California,Other,14.Nov.2017,"$18,788.75 ",married,tertiary,no,no,cellular,51,9,unknown,no,A03166
3167,Don  Gonzales,Male,41,California,Other,14.Nov.2017,"$6,134.97 ",married,primary,yes,no,telephone,37,1,unknown,no,A03167
3168,Paulette  Spencer,Male,40,California,White Collar,14.Nov.2017,"$73,864.93 ",married,secondary,yes,yes,cellular,141,8,other,no,A03168
3169,Bobbie  Ryan,Female,35,California,Blue Collar,14.Nov.2017,"$5,481.79 ",married,secondary,no,no,cellular,173,2,unknown,no,A03169
3170,Austin  Reynolds,Female,41,California,White Collar,14.Nov.2017,"$31,033.46 ",married,secondary,yes,no,unknown,66,2,unknown,no,A03170
3171,Cassandra  Franklin,Male,25,California,White Collar,14.Nov.2017,"$26,943.46 ",married,secondary,yes,yes,unknown,209,1,unknown,no,A03171
3172,Guillermo  Potter,Male,43,California,Blue Collar,14.Nov.2017,"$7,176.03 ",single,primary,yes,no,cellular,1011,20,unknown,no,A03172
3173,Della  Jensen,Male,39,California,Blue Collar,14.Nov.2017,"$5,128.03 ",divorced,tertiary,yes,no,telephone,147,2,failure,no,A03173
3174,Ruben  Nunez,Male,36,California,White Collar,14.Nov.2017,"$12,028.45 ",single,tertiary,no,no,cellular,88,4,unknown,no,A03174
3175,Shari  Silva,Male,32,California,Blue Collar,14.Nov.2017,"$40,768.81 ",single,secondary,yes,no,telephone,52,1,unknown,no,A03175
3176,Ernest  Davis,Male,52,Nevada,Other,14.Nov.2017,"$165,725.27 ",divorced,secondary,yes,no,unknown,544,3,unknown,no,A03176
3177,Ruben  Nunez,Female,55,Nevada,Other,14.Nov.2017,"$10,991.81 ",single,secondary,no,no,telephone,360,1,success,yes,A03177
3178,Trevor  Jones,Female,55,Nevada,Other,14.Nov.2017,"$27,917.67 ",single,tertiary,yes,no,cellular,95,2,unknown,no,A03178
3179,Drew  Rogers,Male,51,Nevada,Blue Collar,14.Nov.2017,"$43,651.13 ",married,secondary,no,yes,cellular,322,1,unknown,no,A03179
3180,Fernando  Rowe,Male,49,Nevada,Other,14.Nov.2017,"$10,269.78 ",married,primary,no,no,unknown,106,3,unknown,no,A03180
3181,Sandra  Floyd,Male,58,Nevada,Blue Collar,14.Nov.2017,"$97,755.45 ",married,secondary,yes,no,unknown,20,1,unknown,no,A03181
3182,Brooke  Horton,Male,49,Nevada,Other,14.Nov.2017,"$67,976.16 ",married,secondary,yes,no,cellular,178,7,other,no,A03182
3183,Mable  Lindsey,Female,30,Nevada,Other,14.Nov.2017,"$46,732.03 ",married,secondary,yes,no,unknown,325,4,unknown,no,A03183
3184,Ben  Perez,Female,48,Nevada,Other,14.Nov.2017,"$14,562.82 ",married,secondary,yes,yes,unknown,343,2,unknown,no,A03184
3185,Jaime  Pearson,Male,39,Wyoming,White Collar,14.Nov.2017,"$215,830.43 ",single,tertiary,no,no,cellular,213,4,unknown,yes,A03185
3186,Robert  Munoz,Male,27,Wyoming,White Collar,14.Nov.2017,"$22,575.87 ",married,secondary,yes,yes,cellular,193,3,unknown,no,A03186
3187,Robert  Munoz,Female,31,Wyoming,Other,14.Nov.2017,"$34,469.69 ",married,tertiary,no,yes,cellular,168,7,unknown,no,A03187
3188,Lula  Daniels,Male,47,Wyoming,Blue Collar,14.Nov.2017,"$145,075.46 ",married,secondary,no,no,cellular,423,1,unknown,yes,A03188
3189,Carla  Mccormick,Male,48,California,White Collar,15.Nov.2017,"$6,116.16 ",divorced,tertiary,yes,no,unknown,218,1,unknown,no,A03189
3190,Edwin  Malone,Female,44,California,White Collar,15.Nov.2017,"$14,592.40 ",married,primary,yes,no,unknown,158,1,unknown,no,A03190
3191,Elvira  Bowman,Male,31,California,Other,15.Nov.2017,"$8,174.73 ",married,secondary,yes,no,cellular,433,1,unknown,no,A03191
3192,Marion  Glover,Male,27,California,White Collar,15.Nov.2017,"$15,197.37 ",married,secondary,no,no,unknown,252,3,unknown,no,A03192
3193,Brooke  Horton,Female,36,California,Blue Collar,15.Nov.2017,"$28,245.43 ",married,tertiary,no,no,cellular,175,1,unknown,no,A03193
3194,Elaine  Ellis,Male,29,California,White Collar,15.Nov.2017,"$85,413.96 ",divorced,primary,no,no,cellular,192,1,unknown,no,A03194
3195,Ernest  Davis,Female,35,California,White Collar,15.Nov.2017,"$46,828.93 ",single,unknown,no,yes,cellular,158,1,unknown,no,A03195
3196,Salvador  Bass,Male,28,California,Other,15.Nov.2017,"$20,101.00 ",married,primary,no,no,telephone,114,2,unknown,no,A03196
3197,Max  Rodgers,Female,31,California,White Collar,15.Nov.2017,"$63,673.21 ",married,tertiary,yes,yes,unknown,246,1,unknown,no,A03197
3198,Charlie  Wood,Male,29,California,Other,15.Nov.2017,"$53,859.57 ",single,secondary,no,no,telephone,44,1,unknown,no,A03198
3199,Elbert  Klein,Male,32,California,White Collar,15.Nov.2017,"$19,334.31 ",married,tertiary,no,no,cellular,136,2,unknown,no,A03199
3200,Isabel  Cross,Male,37,Wyoming,White Collar,15.Nov.2017,"$88,796.57 ",married,tertiary,yes,no,cellular,247,2,unknown,no,A03200
3201,Bethany  Pena,Female,26,Wyoming,White Collar,15.Nov.2017,"$199,526.78 ",single,unknown,yes,no,unknown,227,1,unknown,no,A03201
3202,Joey  Wong,Female,40,California,White Collar,16.Nov.2017,"$47,836.33 ",married,secondary,no,no,cellular,219,4,unknown,no,A03202
3203,Johanna  Boone,Male,37,California,White Collar,16.Nov.2017,"$6,370.63 ",married,primary,no,no,telephone,326,2,success,yes,A03203
3204,Andrew  Meyer,Male,29,California,Blue Collar,16.Nov.2017,"$55,263.31 ",married,secondary,yes,no,unknown,226,2,unknown,no,A03204
3205,Arturo  Francis,Male,40,California,White Collar,16.Nov.2017,"$83,238.94 ",married,primary,yes,no,cellular,351,2,unknown,no,A03205
3206,Ruben  Nunez,Female,35,California,White Collar,16.Nov.2017,"$12,232.70 ",married,primary,no,no,telephone,341,4,failure,no,A03206
3207,Lorraine  Gibson,Female,31,California,White Collar,16.Nov.2017,"$43,725.31 ",married,primary,no,yes,telephone,124,1,unknown,no,A03207
3208,Salvador  Bass,Male,35,California,White Collar,16.Nov.2017,"$15,359.18 ",married,tertiary,no,no,cellular,123,3,unknown,no,A03208
3209,Della  Jensen,Male,24,California,Other,16.Nov.2017,"$85,221.33 ",married,primary,yes,yes,unknown,244,6,unknown,no,A03209
3210,Elaine  Ellis,Female,50,California,White Collar,16.Nov.2017,"$75,534.99 ",married,secondary,no,yes,cellular,151,8,unknown,no,A03210
3211,Allan  Ramos,Male,44,California,White Collar,16.Nov.2017,"$13,671.88 ",married,secondary,no,no,cellular,736,7,unknown,no,A03211
3212,Isabel  Cross,Male,38,California,White Collar,16.Nov.2017,"$30,204.91 ",married,secondary,yes,no,telephone,109,1,unknown,no,A03212
3213,Della  Jensen,Male,45,California,White Collar,16.Nov.2017,"$3,699.30 ",married,tertiary,yes,no,telephone,117,2,unknown,no,A03213
3214,Willie  Vega,Male,58,Nevada,Blue Collar,16.Nov.2017,"$118,887.13 ",married,secondary,no,yes,telephone,77,2,unknown,no,A03214
3215,Della  Jensen,Female,59,Nevada,Other,16.Nov.2017,"$21,856.37 ",married,primary,yes,yes,unknown,42,1,unknown,no,A03215
3216,Lynette  Brewer,Female,32,California,White Collar,17.Nov.2017,"$50,051.12 ",married,secondary,yes,no,cellular,252,3,unknown,no,A03216
3217,Fernando  Rowe,Male,36,California,White Collar,17.Nov.2017,"$7,872.66 ",married,secondary,yes,no,unknown,179,1,unknown,no,A03217
3218,Cindy  Becker,Male,24,California,White Collar,17.Nov.2017,"$24,956.67 ",married,secondary,no,no,cellular,106,3,unknown,no,A03218
3219,Sonya  Mullins,Male,31,California,Blue Collar,17.Nov.2017,"$76,328.48 ",married,secondary,no,yes,telephone,281,3,unknown,no,A03219
3220,Edwin  Malone,Male,30,California,White Collar,17.Nov.2017,"$43,705.61 ",married,primary,no,no,cellular,384,2,unknown,yes,A03220
3221,Joey  Wong,Male,37,California,White Collar,17.Nov.2017,"$56,223.28 ",married,secondary,yes,yes,cellular,217,1,unknown,no,A03221
3222,Max  Rodgers,Male,41,California,Blue Collar,17.Nov.2017,"$7,521.66 ",married,secondary,no,yes,cellular,144,4,unknown,no,A03222
3223,Ruben  Nunez,Male,45,California,White Collar,17.Nov.2017,"$56,862.34 ",single,secondary,yes,yes,cellular,374,1,unknown,no,A03223
3224,Salvador  Bass,Female,35,California,Other,17.Nov.2017,"$123,413.73 ",married,tertiary,no,no,unknown,298,1,unknown,no,A03224
3225,Eric  Rose,Male,31,California,White Collar,17.Nov.2017,"$14,647.15 ",married,tertiary,no,no,cellular,814,2,unknown,yes,A03225
3226,Elaine  Ellis,Male,39,California,White Collar,17.Nov.2017,"$208,109.10 ",married,secondary,yes,no,cellular,33,31,unknown,no,A03226
3227,Arturo  Francis,Female,43,California,White Collar,17.Nov.2017,"$40,726.12 ",married,tertiary,yes,no,cellular,128,2,unknown,no,A03227
3228,Sylvester  Morales,Male,27,California,White Collar,17.Nov.2017,"$62,349.57 ",married,tertiary,no,no,cellular,129,4,unknown,no,A03228
3229,Iris  Underwood,Female,37,California,White Collar,17.Nov.2017,"$66,170.43 ",single,tertiary,yes,no,cellular,274,4,unknown,no,A03229
3230,Beth  Tucker,Female,39,California,Blue Collar,17.Nov.2017,"$50,120.55 ",married,primary,yes,no,cellular,984,1,unknown,yes,A03230
3231,Max  Rodgers,Male,42,California,White Collar,17.Nov.2017,"$45,965.34 ",single,secondary,yes,no,unknown,413,2,unknown,no,A03231
3232,Rachel  Gomez,Female,29,California,White Collar,17.Nov.2017,"$106,600.03 ",married,secondary,yes,no,cellular,44,1,failure,no,A03232
3233,Andrew  Meyer,Male,39,California,White Collar,17.Nov.2017,"$78,456.10 ",married,tertiary,yes,yes,cellular,70,4,other,no,A03233
3234,Lee  Mack,Female,43,California,Blue Collar,17.Nov.2017,"$35,134.03 ",single,unknown,no,no,cellular,463,18,unknown,no,A03234
3235,Ben  Perez,Male,26,California,White Collar,17.Nov.2017,"$155,769.61 ",single,tertiary,no,no,cellular,96,2,unknown,no,A03235
3236,Rachel  Gomez,Female,37,California,Other,17.Nov.2017,$504.84 ,single,secondary,yes,no,cellular,276,1,failure,no,A03236
3237,Max  Rodgers,Male,26,California,White Collar,17.Nov.2017,"$97,436.31 ",married,primary,yes,no,cellular,257,2,other,no,A03237
3238,Isabel  Cross,Female,43,Nevada,Other,17.Nov.2017,"$56,733.25 ",married,primary,no,no,cellular,131,3,unknown,no,A03238
3239,Isabel  Cross,Female,56,Nevada,White Collar,17.Nov.2017,"$50,369.16 ",divorced,secondary,yes,yes,cellular,586,2,unknown,no,A03239
3240,Guillermo  Potter,Male,57,Nevada,Blue Collar,17.Nov.2017,"$28,222.45 ",married,secondary,yes,no,cellular,267,1,failure,yes,A03240
3241,Fernando  Rowe,Male,37,Nevada,Blue Collar,17.Nov.2017,"$68,187.19 ",single,secondary,no,no,telephone,29,1,unknown,no,A03241
3242,Don  Gonzales,Female,39,Nevada,Other,17.Nov.2017,"$19,493.28 ",married,secondary,no,no,unknown,65,6,unknown,no,A03242
3243,Salvador  Bass,Female,46,Nevada,Blue Collar,17.Nov.2017,"$102,278.54 ",single,secondary,yes,no,cellular,67,3,unknown,no,A03243
3244,Kyle  Carr,Male,56,Nevada,Other,17.Nov.2017,"$44,567.73 ",single,tertiary,no,no,cellular,190,1,success,no,A03244
3245,Lula  Daniels,Male,44,Nevada,Other,17.Nov.2017,"$95,125.46 ",married,unknown,no,no,cellular,287,2,unknown,no,A03245
3246,Bethany  Pena,Female,45,Wyoming,White Collar,17.Nov.2017,"$30,371.18 ",single,tertiary,yes,no,unknown,77,1,unknown,no,A03246
3247,Herman  Williams,Female,28,Wyoming,White Collar,17.Nov.2017,"$71,826.34 ",married,secondary,yes,yes,unknown,169,1,unknown,no,A03247
3248,Cassandra  Franklin,Male,30,Wyoming,Blue Collar,17.Nov.2017,"$56,854.28 ",divorced,primary,yes,no,cellular,25,1,unknown,no,A03248
3249,Drew  Rogers,Male,43,California,White Collar,18.Nov.2017,"$18,392.73 ",divorced,secondary,no,no,unknown,669,1,unknown,yes,A03249
3250,Brooke  Horton,Male,34,California,Blue Collar,18.Nov.2017,"$27,479.69 ",married,primary,yes,no,telephone,122,6,unknown,no,A03250
3251,Lee  Mack,Male,34,California,White Collar,18.Nov.2017,"$18,264.31 ",married,tertiary,no,no,cellular,269,3,success,yes,A03251
3252,Bethany  Pena,Male,41,California,White Collar,18.Nov.2017,"$82,145.33 ",married,secondary,no,no,telephone,167,1,unknown,no,A03252
3253,Tracy  Reed,Male,32,California,White Collar,18.Nov.2017,"$46,067.13 ",married,tertiary,yes,yes,cellular,244,1,unknown,no,A03253
3254,Edwin  Malone,Male,38,California,White Collar,18.Nov.2017,"$3,936.90 ",married,unknown,yes,no,unknown,99,6,unknown,no,A03254
3255,Lula  Daniels,Female,34,Wyoming,Other,18.Nov.2017,"$28,729.51 ",married,secondary,yes,yes,unknown,76,2,unknown,no,A03255
3256,Ernest  Davis,Female,40,Wyoming,White Collar,18.Nov.2017,"$80,143.45 ",married,primary,no,yes,telephone,252,4,unknown,no,A03256
3257,Eric  Rose,Male,27,California,Blue Collar,19.Nov.2017,"$14,723.96 ",married,tertiary,no,no,cellular,213,3,success,yes,A03257
3258,Cindy  Becker,Female,42,California,White Collar,19.Nov.2017,"$37,547.90 ",single,secondary,yes,no,unknown,14,1,unknown,no,A03258
3259,Isabel  Cross,Female,37,California,White Collar,19.Nov.2017,"$38,882.46 ",married,secondary,yes,no,telephone,121,2,unknown,no,A03259
3260,Max  Rodgers,Male,51,Nevada,Blue Collar,19.Nov.2017,"$19,051.39 ",married,secondary,yes,no,unknown,153,1,unknown,no,A03260
3261,Edwin  Malone,Female,43,Nevada,Other,19.Nov.2017,"$13,188.58 ",married,primary,no,no,cellular,8,5,other,no,A03261
3262,Tracy  Reed,Female,28,Wyoming,White Collar,19.Nov.2017,"$102,698.55 ",married,primary,no,no,cellular,244,1,unknown,no,A03262
3263,Della  Jensen,Female,30,Wyoming,White Collar,19.Nov.2017,"$19,609.09 ",divorced,secondary,no,no,unknown,67,2,unknown,no,A03263
3264,Bernadette  Page,Female,39,Wyoming,Other,19.Nov.2017,"$102,475.00 ",married,tertiary,yes,no,cellular,169,1,failure,no,A03264
3265,Joey  Wong,Male,29,Wyoming,White Collar,19.Nov.2017,"$141,077.96 ",single,tertiary,no,no,cellular,86,2,unknown,no,A03265
3266,Ivan  Adkins,Male,34,California,Other,20.Nov.2017,"$101,333.25 ",married,secondary,no,yes,cellular,277,2,unknown,no,A03266
3267,Max  Rodgers,Male,36,California,White Collar,20.Nov.2017,"$94,511.37 ",married,secondary,yes,no,cellular,154,5,other,no,A03267
3268,Ivan  Adkins,Female,36,California,White Collar,20.Nov.2017,"$126,406.25 ",married,secondary,no,no,unknown,135,3,unknown,no,A03268
3269,Elbert  Klein,Male,32,California,White Collar,20.Nov.2017,"$13,533.97 ",married,secondary,yes,no,cellular,392,1,unknown,no,A03269
3270,Billie  Chandler,Female,37,California,Blue Collar,20.Nov.2017,"$16,526.52 ",divorced,secondary,yes,no,unknown,133,2,unknown,no,A03270
3271,Tiffany  May,Male,32,California,Blue Collar,20.Nov.2017,"$114,166.88 ",married,secondary,no,no,cellular,96,2,success,no,A03271
3272,Della  Jensen,Male,41,California,Other,20.Nov.2017,"$48,828.13 ",married,secondary,yes,no,unknown,446,1,unknown,yes,A03272
3273,Don  Gonzales,Female,39,California,Blue Collar,20.Nov.2017,"$15,946.39 ",single,secondary,yes,no,cellular,20,6,other,no,A03273
3274,Marian  Hill,Male,27,California,White Collar,20.Nov.2017,"$45,175.13 ",single,tertiary,yes,no,cellular,291,2,unknown,no,A03274
3275,Bernadette  Page,Male,47,Nevada,Other,20.Nov.2017,"$10,873.39 ",married,tertiary,no,no,unknown,214,8,unknown,no,A03275
3276,Della  Jensen,Female,39,California,White Collar,21.Nov.2017,"$157,222.25 ",married,tertiary,no,no,cellular,159,2,unknown,no,A03276
3277,Billie  Chandler,Male,42,California,White Collar,21.Nov.2017,"$17,361.06 ",married,tertiary,yes,yes,cellular,275,4,unknown,no,A03277
3278,Salvador  Bass,Female,21,California,White Collar,21.Nov.2017,"$4,533.30 ",married,secondary,yes,no,unknown,128,3,unknown,no,A03278
3279,Drew  Rogers,Male,36,California,Other,21.Nov.2017,"$141,035.27 ",married,primary,no,no,telephone,207,2,failure,no,A03279
3280,Marian  Hill,Female,35,California,White Collar,21.Nov.2017,"$30,800.39 ",single,tertiary,yes,no,unknown,146,3,unknown,no,A03280
3281,Nellie  Joseph,Male,27,California,White Collar,21.Nov.2017,"$79,841.06 ",married,unknown,yes,no,unknown,22,1,unknown,no,A03281
3282,Lynette  Brewer,Male,43,California,White Collar,21.Nov.2017,"$3,908.73 ",single,secondary,yes,no,cellular,239,2,success,no,A03282
3283,Ernest  Davis,Female,38,California,White Collar,21.Nov.2017,"$133,022.58 ",married,secondary,yes,no,cellular,92,1,unknown,no,A03283
3284,Rachel  Gomez,Female,35,California,White Collar,21.Nov.2017,"$44,075.28 ",married,primary,yes,no,unknown,149,4,unknown,no,A03284
3285,Lance  Yates,Female,49,California,Other,21.Nov.2017,"$134,401.37 ",married,secondary,no,no,telephone,107,2,unknown,no,A03285
3286,Della  Jensen,Male,38,California,White Collar,21.Nov.2017,"$31,964.34 ",married,tertiary,no,no,cellular,71,2,unknown,no,A03286
3287,Charlie  Wood,Female,32,California,White Collar,21.Nov.2017,"$111,391.39 ",single,primary,yes,no,unknown,122,6,unknown,no,A03287
3288,Brooke  Horton,Male,37,California,White Collar,21.Nov.2017,"$115,155.58 ",single,secondary,yes,no,cellular,16,6,other,no,A03288
3289,Max  Rodgers,Male,50,Nevada,Other,21.Nov.2017,"$148,140.60 ",divorced,secondary,no,no,telephone,251,1,unknown,no,A03289
3290,Arturo  Francis,Female,43,Nevada,Other,21.Nov.2017,"$61,995.96 ",married,tertiary,no,no,telephone,215,3,unknown,no,A03290
3291,Allan  Ramos,Female,42,Nevada,Other,21.Nov.2017,"$10,321.10 ",married,primary,no,no,cellular,128,3,unknown,no,A03291
3292,Joey  Wong,Male,51,Nevada,Blue Collar,21.Nov.2017,"$21,975.07 ",married,tertiary,no,no,cellular,445,3,unknown,no,A03292
3293,Cecilia  Manning,Male,47,Nevada,Blue Collar,21.Nov.2017,"$8,768.63 ",single,tertiary,no,no,cellular,76,2,unknown,no,A03293
3294,Bobbie  Ryan,Male,55,Nevada,Blue Collar,21.Nov.2017,"$106,381.66 ",divorced,primary,yes,no,cellular,206,1,unknown,no,A03294
3295,Ernest  Davis,Male,51,Nevada,Other,21.Nov.2017,"$55,703.70 ",married,tertiary,yes,yes,cellular,155,1,unknown,no,A03295
3296,Della  Jensen,Male,26,Nevada,Blue Collar,21.Nov.2017,"$59,140.87 ",divorced,secondary,yes,no,cellular,429,1,failure,no,A03296
3297,Carla  Mccormick,Male,54,Nevada,Blue Collar,21.Nov.2017,"$11,059.31 ",married,secondary,no,yes,unknown,133,1,unknown,no,A03297
3298,Lula  Daniels,Female,53,Nevada,Other,21.Nov.2017,$694.06 ,single,tertiary,no,no,cellular,474,3,other,yes,A03298
3299,Della  Jensen,Male,34,Wyoming,White Collar,21.Nov.2017,"$49,030.34 ",single,tertiary,yes,no,cellular,578,1,other,no,A03299
3300,Ruben  Nunez,Male,38,California,Other,22.Nov.2017,"$96,280.51 ",single,tertiary,yes,no,cellular,17,3,failure,no,A03300
3301,Christina  Fuller,Male,46,California,White Collar,22.Nov.2017,"$71,504.13 ",married,tertiary,yes,no,unknown,74,1,unknown,no,A03301
3302,Cassandra  Franklin,Female,36,California,White Collar,22.Nov.2017,"$115,750.45 ",married,tertiary,yes,no,cellular,239,3,other,yes,A03302
3303,Iris  Underwood,Female,47,California,Blue Collar,22.Nov.2017,"$23,417.88 ",divorced,tertiary,yes,yes,cellular,275,8,unknown,no,A03303
3304,Don  Gonzales,Male,28,California,Other,22.Nov.2017,"$123,650.84 ",divorced,secondary,yes,no,cellular,101,1,other,no,A03304
3305,Brooke  Horton,Female,45,Nevada,Other,22.Nov.2017,"$9,217.91 ",married,tertiary,no,no,cellular,671,1,failure,yes,A03305
3306,Willie  Vega,Male,35,Nevada,Other,22.Nov.2017,"$50,111.66 ",single,secondary,no,no,cellular,998,1,unknown,yes,A03306
3307,Elvira  Bowman,Female,53,California,Other,23.Nov.2017,"$54,207.10 ",married,secondary,no,no,unknown,271,1,unknown,no,A03307
3308,Ruben  Nunez,Male,31,California,White Collar,23.Nov.2017,"$30,662.03 ",single,secondary,yes,no,unknown,133,3,unknown,no,A03308
3309,Bobbie  Ryan,Female,43,California,White Collar,23.Nov.2017,"$24,045.37 ",married,secondary,yes,no,unknown,84,2,unknown,no,A03309
3310,Paulette  Spencer,Female,28,California,White Collar,23.Nov.2017,"$88,435.70 ",single,secondary,yes,no,cellular,281,1,unknown,no,A03310
3311,Jenny  Garcia,Male,43,California,White Collar,23.Nov.2017,"$67,797.88 ",single,tertiary,yes,no,unknown,250,1,unknown,no,A03311
3312,Lorraine  Gibson,Female,32,California,White Collar,23.Nov.2017,"$70,583.22 ",married,primary,no,no,cellular,144,1,unknown,yes,A03312
3313,Sandra  Floyd,Female,30,California,White Collar,23.Nov.2017,"$41,695.93 ",divorced,secondary,yes,no,cellular,432,1,unknown,no,A03313
3314,Eddie  Green,Male,32,California,Other,23.Nov.2017,"$1,010.28 ",married,primary,no,no,unknown,411,1,unknown,no,A03314
3315,Woodrow  Colon,Female,29,California,White Collar,23.Nov.2017,"$58,691.39 ",married,tertiary,no,no,cellular,428,2,failure,no,A03315
3316,Salvador  Bass,Female,30,California,Other,23.Nov.2017,"$78,318.45 ",married,tertiary,yes,no,cellular,249,2,failure,yes,A03316
3317,Rachel  Gomez,Male,41,California,White Collar,23.Nov.2017,"$95,750.22 ",married,secondary,no,no,cellular,235,3,unknown,no,A03317
3318,Blake  Bridges,Male,50,Nevada,Other,23.Nov.2017,"$86,017.01 ",single,tertiary,no,no,cellular,267,2,failure,yes,A03318
3319,Cecilia  Manning,Male,22,Wyoming,White Collar,23.Nov.2017,"$37,639.87 ",married,secondary,no,no,telephone,595,1,unknown,no,A03319
3320,Lance  Yates,Male,27,Wyoming,White Collar,23.Nov.2017,"$11,785.43 ",married,secondary,no,no,unknown,28,4,unknown,no,A03320
3321,Andrew  Meyer,Female,27,Oregon,White Collar,23.Nov.2017,"$47,190.40 ",single,secondary,yes,no,cellular,257,2,unknown,no,A03321
3322,Max  Rodgers,Male,47,California,White Collar,24.Nov.2017,"$18,360.13 ",divorced,primary,yes,no,cellular,630,6,unknown,yes,A03322
3323,Mable  Lindsey,Female,32,California,Other,24.Nov.2017,"$92,953.12 ",single,secondary,yes,no,unknown,747,5,unknown,no,A03323
3324,Della  Jensen,Female,35,California,Other,24.Nov.2017,"$42,664.70 ",married,tertiary,no,no,cellular,87,4,unknown,no,A03324
3325,Della  Jensen,Female,35,California,Blue Collar,24.Nov.2017,"$65,422.16 ",single,tertiary,no,no,unknown,187,3,unknown,no,A03325
3326,Trevor  Jones,Female,35,California,Other,24.Nov.2017,"$45,011.48 ",single,secondary,yes,no,unknown,452,2,unknown,no,A03326
3327,Robert  Munoz,Female,36,California,White Collar,24.Nov.2017,"$41,981.13 ",married,primary,no,no,unknown,36,4,unknown,no,A03327
3328,Shari  Silva,Male,50,California,White Collar,24.Nov.2017,"$26,050.54 ",married,primary,yes,no,cellular,277,1,unknown,no,A03328
3329,Salvador  Bass,Female,32,California,White Collar,24.Nov.2017,"$102,346.57 ",single,tertiary,yes,no,cellular,118,1,unknown,no,A03329
3330,Donna  Reid,Female,40,California,Other,24.Nov.2017,"$79,059.39 ",divorced,tertiary,yes,yes,cellular,197,2,unknown,no,A03330
3331,Johanna  Boone,Male,44,California,Other,24.Nov.2017,"$38,459.33 ",married,secondary,no,yes,cellular,101,5,unknown,no,A03331
3332,Lula  Daniels,Male,21,California,White Collar,24.Nov.2017,"$131,562.24 ",married,unknown,yes,no,cellular,282,2,success,yes,A03332
3333,Sonya  Mullins,Male,37,California,Blue Collar,24.Nov.2017,"$186,884.67 ",married,tertiary,yes,no,cellular,8,6,failure,no,A03333
3334,Fernando  Rowe,Male,39,California,White Collar,24.Nov.2017,"$82,306.52 ",married,secondary,yes,no,telephone,1448,7,unknown,yes,A03334
3335,Isabel  Cross,Female,30,California,White Collar,24.Nov.2017,"$64,991.10 ",divorced,primary,no,no,cellular,344,1,unknown,no,A03335
3336,Joey  Wong,Male,53,Nevada,Other,24.Nov.2017,"$55,857.07 ",married,secondary,yes,no,cellular,12,8,failure,no,A03336
3337,Drew  Rogers,Female,48,Nevada,Other,24.Nov.2017,"$52,522.34 ",married,secondary,yes,no,unknown,61,1,unknown,no,A03337
3338,Sonya  Mullins,Male,60,Nevada,Blue Collar,24.Nov.2017,"$78,718.73 ",married,primary,yes,no,unknown,91,6,unknown,no,A03338
3339,Ivan  Adkins,Male,55,Nevada,Other,24.Nov.2017,"$35,865.64 ",married,secondary,yes,no,unknown,162,3,unknown,no,A03339
3340,Joey  Wong,Male,59,Nevada,Blue Collar,24.Nov.2017,"$95,835.28 ",divorced,secondary,no,yes,unknown,339,1,unknown,no,A03340
3341,Bobbie  Ryan,Male,46,Nevada,Blue Collar,24.Nov.2017,"$148,351.10 ",married,primary,no,no,unknown,113,2,unknown,no,A03341
3342,Lorraine  Gibson,Female,28,Wyoming,White Collar,24.Nov.2017,"$45,321.27 ",married,secondary,no,no,cellular,558,1,unknown,yes,A03342
3343,Beth  Tucker,Female,35,Wyoming,White Collar,24.Nov.2017,"$5,987.13 ",married,secondary,yes,no,unknown,69,1,unknown,no,A03343
3344,Mable  Lindsey,Female,35,Wyoming,White Collar,24.Nov.2017,"$58,775.07 ",married,secondary,yes,yes,cellular,541,1,failure,no,A03344
3345,Trevor  Jones,Male,38,California,White Collar,25.Nov.2017,"$45,120.12 ",single,primary,no,no,cellular,429,1,unknown,no,A03345
3346,Brooke  Horton,Female,37,California,White Collar,25.Nov.2017,"$76,559.28 ",divorced,secondary,yes,no,unknown,135,2,unknown,no,A03346
3347,Nellie  Joseph,Male,24,California,White Collar,25.Nov.2017,"$3,150.03 ",married,secondary,yes,no,cellular,96,1,failure,no,A03347
3348,Tracy  Reed,Male,40,California,White Collar,25.Nov.2017,"$99,870.54 ",married,tertiary,yes,no,cellular,68,2,unknown,no,A03348
3349,Edwin  Malone,Female,41,California,Blue Collar,25.Nov.2017,"$79,091.04 ",single,secondary,no,no,cellular,529,2,unknown,no,A03349
3350,Lula  Daniels,Male,34,California,Blue Collar,25.Nov.2017,"$71,622.57 ",married,tertiary,no,no,cellular,650,2,unknown,no,A03350
3351,Ernest  Davis,Female,54,Nevada,White Collar,25.Nov.2017,"$32,764.22 ",married,secondary,yes,no,cellular,69,1,failure,no,A03351
3352,Ernest  Davis,Male,43,Nevada,Blue Collar,25.Nov.2017,"$49,602.49 ",married,secondary,yes,yes,cellular,71,7,unknown,no,A03352
3353,Cindy  Becker,Male,55,Nevada,Blue Collar,25.Nov.2017,"$89,486.70 ",married,tertiary,yes,no,cellular,30,7,unknown,no,A03353
3354,Austin  Reynolds,Male,48,Nevada,Blue Collar,25.Nov.2017,"$41,966.49 ",divorced,tertiary,yes,no,cellular,9,19,unknown,no,A03354
3355,Bobbie  Ryan,Female,47,Wyoming,White Collar,25.Nov.2017,"$5,947.73 ",married,secondary,no,no,cellular,331,2,unknown,no,A03355
3356,Elaine  Ellis,Male,42,Wyoming,White Collar,25.Nov.2017,"$65,696.22 ",married,primary,yes,no,unknown,66,1,unknown,no,A03356
3357,Max  Rodgers,Male,36,Wyoming,Blue Collar,25.Nov.2017,"$133,919.82 ",married,secondary,yes,no,cellular,26,6,unknown,no,A03357
3358,Don  Gonzales,Female,36,California,White Collar,26.Nov.2017,"$13,963.45 ",married,primary,yes,no,unknown,266,3,unknown,no,A03358
3359,Christy  Olson,Female,22,California,Blue Collar,26.Nov.2017,"$130,596.88 ",married,tertiary,no,no,cellular,168,2,unknown,no,A03359
3360,Felicia  Jennings,Male,32,California,White Collar,26.Nov.2017,"$29,559.88 ",single,secondary,no,yes,unknown,316,1,unknown,no,A03360
3361,Woodrow  Colon,Male,34,California,White Collar,26.Nov.2017,"$5,545.99 ",married,primary,no,no,telephone,1006,2,unknown,yes,A03361
3362,Sandra  Floyd,Female,45,California,Other,26.Nov.2017,"$54,167.18 ",married,primary,yes,no,cellular,77,1,unknown,no,A03362
3363,Ivan  Adkins,Female,42,California,White Collar,26.Nov.2017,"$43,474.81 ",single,secondary,no,no,unknown,622,1,unknown,no,A03363
3364,Drew  Rogers,Male,35,California,Blue Collar,26.Nov.2017,"$55,709.46 ",married,secondary,yes,no,unknown,494,2,unknown,no,A03364
3365,Elaine  Ellis,Female,29,California,Other,26.Nov.2017,"$44,259.01 ",divorced,secondary,no,yes,unknown,269,1,unknown,no,A03365
3366,Shari  Silva,Male,44,Nevada,Other,26.Nov.2017,"$42,505.87 ",married,secondary,yes,no,cellular,543,3,failure,no,A03366
3367,Rachel  Gomez,Male,47,Nevada,Blue Collar,26.Nov.2017,"$32,440.37 ",married,primary,no,no,cellular,268,6,unknown,no,A03367
3368,Salvador  Bass,Male,28,Wyoming,Blue Collar,26.Nov.2017,"$7,194.01 ",married,secondary,no,no,cellular,397,1,unknown,yes,A03368
3369,Robert  Munoz,Female,41,Wyoming,White Collar,26.Nov.2017,"$81,636.07 ",divorced,secondary,no,no,cellular,22,4,failure,no,A03369
3370,Edwin  Malone,Female,20,Oregon,Other,26.Nov.2017,"$123,280.52 ",divorced,secondary,yes,no,unknown,51,2,unknown,no,A03370
3371,Elbert  Klein,Female,39,California,White Collar,27.Nov.2017,"$66,576.21 ",single,tertiary,no,no,cellular,208,1,success,no,A03371
3372,Ben  Perez,Female,42,California,White Collar,27.Nov.2017,"$127,902.12 ",married,tertiary,yes,no,cellular,77,3,failure,no,A03372
3373,Guillermo  Potter,Female,41,California,White Collar,27.Nov.2017,"$6,681.15 ",single,tertiary,yes,yes,unknown,450,2,unknown,no,A03373
3374,Salvador  Bass,Male,42,California,Blue Collar,27.Nov.2017,"$88,297.91 ",single,tertiary,no,no,cellular,201,1,unknown,no,A03374
3375,Trevor  Jones,Female,28,California,White Collar,27.Nov.2017,"$42,986.73 ",married,secondary,yes,no,cellular,342,3,other,no,A03375
3376,Cassandra  Franklin,Male,25,California,Other,27.Nov.2017,"$112,473.03 ",married,unknown,no,no,cellular,181,2,unknown,no,A03376
3377,Eddie  Green,Female,29,California,Other,27.Nov.2017,"$17,518.97 ",single,secondary,yes,no,cellular,294,1,unknown,no,A03377
3378,Edwin  Malone,Male,31,California,Blue Collar,27.Nov.2017,"$24,254.60 ",married,unknown,no,no,cellular,123,1,failure,no,A03378
3379,Billie  Chandler,Female,34,California,White Collar,27.Nov.2017,"$91,903.00 ",married,secondary,yes,no,cellular,172,1,unknown,no,A03379
3380,Ellen  Weaver,Male,20,California,White Collar,27.Nov.2017,"$17,065.07 ",divorced,unknown,yes,no,cellular,1022,1,failure,no,A03380
3381,Charlie  Wood,Female,23,California,Other,27.Nov.2017,"$8,109.30 ",single,secondary,yes,no,cellular,123,1,other,no,A03381
3382,Cassandra  Franklin,Female,41,California,White Collar,27.Nov.2017,"$64,049.39 ",married,secondary,yes,no,unknown,420,1,unknown,no,A03382
3383,Tiffany  May,Male,47,California,White Collar,27.Nov.2017,"$9,896.58 ",married,unknown,yes,no,cellular,119,2,failure,no,A03383
3384,Herman  Williams,Male,47,California,Other,27.Nov.2017,"$34,883.43 ",married,secondary,yes,no,cellular,153,1,unknown,no,A03384
3385,Drew  Rogers,Male,32,California,White Collar,27.Nov.2017,"$38,182.40 ",single,secondary,yes,no,cellular,85,2,unknown,no,A03385
3386,Andrew  Meyer,Female,54,California,White Collar,27.Nov.2017,"$32,227.73 ",single,tertiary,no,no,cellular,260,3,success,yes,A03386
3387,Jenny  Garcia,Male,29,California,White Collar,27.Nov.2017,"$21,173.51 ",married,secondary,yes,no,unknown,528,1,unknown,no,A03387
3388,Pauline  Beck,Female,35,California,White Collar,27.Nov.2017,"$8,361.64 ",single,tertiary,yes,no,unknown,361,1,unknown,no,A03388
3389,Isabel  Cross,Female,33,California,Blue Collar,27.Nov.2017,"$59,977.69 ",married,secondary,yes,yes,cellular,59,4,unknown,no,A03389
3390,Drew  Rogers,Female,35,California,Other,27.Nov.2017,"$81,627.82 ",divorced,secondary,yes,no,unknown,86,7,unknown,no,A03390
3391,Dan  Peterson,Male,42,California,Blue Collar,27.Nov.2017,"$106,580.22 ",married,primary,yes,yes,cellular,139,1,unknown,no,A03391
3392,Herman  Williams,Male,33,California,White Collar,27.Nov.2017,"$31,975.33 ",married,unknown,yes,no,unknown,219,4,unknown,no,A03392
3393,Sonya  Mullins,Male,38,California,White Collar,27.Nov.2017,"$20,669.79 ",married,secondary,yes,no,telephone,45,2,unknown,no,A03393
3394,Kyle  Carr,Male,25,California,Blue Collar,27.Nov.2017,"$36,366.22 ",married,tertiary,yes,no,unknown,168,4,unknown,no,A03394
3395,Trevor  Jones,Male,33,California,Other,27.Nov.2017,"$11,516.24 ",married,secondary,no,no,cellular,268,1,other,yes,A03395
3396,Shari  Silva,Male,44,California,White Collar,27.Nov.2017,"$46,362.01 ",married,secondary,yes,no,unknown,210,2,unknown,no,A03396
3397,Robert  Munoz,Female,30,California,White Collar,27.Nov.2017,$414.96 ,married,secondary,yes,no,unknown,160,1,unknown,no,A03397
3398,Patty  Thompson,Male,41,California,White Collar,27.Nov.2017,"$16,572.94 ",married,secondary,yes,no,unknown,1044,2,unknown,no,A03398
3399,Guillermo  Potter,Female,44,Nevada,Other,27.Nov.2017,"$88,657.60 ",married,secondary,no,yes,cellular,601,1,unknown,no,A03399
3400,Iris  Underwood,Male,52,Nevada,Other,27.Nov.2017,"$72,539.52 ",married,tertiary,yes,no,unknown,89,1,unknown,no,A03400
3401,Peter  Hodges,Female,47,Nevada,Other,27.Nov.2017,"$145,021.55 ",married,tertiary,no,yes,cellular,491,2,unknown,no,A03401
3402,Brooke  Horton,Male,47,Nevada,Blue Collar,27.Nov.2017,"$34,246.34 ",single,tertiary,yes,no,unknown,139,1,unknown,no,A03402
3403,Robert  Munoz,Female,61,Nevada,Blue Collar,27.Nov.2017,"$2,102.28 ",single,tertiary,no,no,unknown,267,3,unknown,no,A03403
3404,Eric  Rose,Male,49,Nevada,Blue Collar,27.Nov.2017,"$15,394.75 ",married,tertiary,no,yes,cellular,88,3,unknown,no,A03404
3405,Ruben  Nunez,Male,63,Nevada,Blue Collar,27.Nov.2017,"$54,340.61 ",single,tertiary,yes,no,cellular,134,1,unknown,no,A03405
3406,Isabel  Cross,Male,32,Nevada,Blue Collar,27.Nov.2017,"$32,020.55 ",married,secondary,yes,no,unknown,126,2,unknown,no,A03406
3407,Iris  Underwood,Male,61,Nevada,Blue Collar,27.Nov.2017,"$30,754.06 ",single,secondary,yes,yes,cellular,191,1,unknown,no,A03407
3408,Fernando  Rowe,Male,30,Wyoming,White Collar,27.Nov.2017,"$10,520.40 ",divorced,tertiary,yes,no,cellular,267,4,other,no,A03408
3409,Edwin  Malone,Male,18,Wyoming,Blue Collar,27.Nov.2017,"$115,941.81 ",single,tertiary,yes,no,telephone,5,3,failure,no,A03409
3410,Brooke  Horton,Male,31,Wyoming,Blue Collar,27.Nov.2017,"$21,827.22 ",single,primary,no,no,unknown,560,2,unknown,no,A03410
3411,Tiffany  May,Male,46,Wyoming,Other,27.Nov.2017,"$57,402.70 ",married,tertiary,yes,no,cellular,138,8,unknown,no,A03411
3412,Rachel  Gomez,Female,39,Wyoming,White Collar,27.Nov.2017,"$72,407.79 ",married,tertiary,no,no,cellular,188,4,unknown,no,A03412
3413,Beth  Tucker,Male,44,Wyoming,White Collar,27.Nov.2017,"$39,554.37 ",married,secondary,yes,yes,cellular,262,2,failure,no,A03413
3414,Christy  Olson,Female,33,Wyoming,White Collar,27.Nov.2017,"$106,463.82 ",single,tertiary,no,no,cellular,836,3,unknown,yes,A03414
3415,Cassandra  Franklin,Female,19,Oregon,Other,27.Nov.2017,"$3,258.49 ",single,secondary,no,no,cellular,150,4,unknown,no,A03415
3416,Lynette  Brewer,Female,35,California,White Collar,28.Nov.2017,"$21,648.01 ",single,secondary,yes,no,cellular,44,2,unknown,no,A03416
3417,Fernando  Rowe,Male,42,California,White Collar,28.Nov.2017,"$65,105.84 ",single,tertiary,no,yes,cellular,11,17,unknown,no,A03417
3418,Willie  Vega,Female,37,California,Other,28.Nov.2017,"$39,518.45 ",divorced,tertiary,yes,no,telephone,123,1,unknown,no,A03418
3419,Della  Jensen,Female,32,California,White Collar,28.Nov.2017,"$38,945.12 ",married,secondary,yes,yes,unknown,150,2,unknown,no,A03419
3420,Shari  Silva,Female,50,California,White Collar,28.Nov.2017,"$39,222.94 ",married,secondary,no,yes,cellular,255,2,other,no,A03420
3421,Johanna  Boone,Male,25,California,Other,28.Nov.2017,"$122,119.27 ",single,tertiary,no,no,cellular,92,5,unknown,no,A03421
3422,Rachel  Gomez,Female,25,California,White Collar,28.Nov.2017,"$66,029.54 ",married,primary,yes,no,cellular,112,7,unknown,no,A03422
3423,Elbert  Klein,Male,32,California,White Collar,28.Nov.2017,"$78,650.67 ",married,tertiary,no,no,unknown,554,1,unknown,yes,A03423
3424,Ruben  Nunez,Female,50,Nevada,White Collar,28.Nov.2017,"$58,895.12 ",married,primary,no,no,cellular,109,2,unknown,no,A03424
3425,Donna  Reid,Female,33,Nevada,White Collar,28.Nov.2017,$629.78 ,married,secondary,no,no,cellular,781,1,unknown,yes,A03425
3426,Blake  Bridges,Male,53,Nevada,Other,28.Nov.2017,"$79,632.46 ",single,tertiary,no,no,cellular,116,1,unknown,no,A03426
3427,Colleen  Warren,Male,51,Nevada,Other,28.Nov.2017,"$48,823.54 ",married,primary,yes,no,cellular,363,1,other,no,A03427
3428,Salvador  Bass,Male,61,Nevada,Blue Collar,28.Nov.2017,"$63,972.27 ",married,secondary,no,no,cellular,82,2,unknown,no,A03428
3429,Robert  Munoz,Female,28,Wyoming,White Collar,28.Nov.2017,"$5,754.13 ",married,tertiary,no,no,cellular,167,3,unknown,no,A03429
3430,Ruben  Nunez,Female,29,Wyoming,Blue Collar,28.Nov.2017,"$34,401.15 ",married,primary,yes,no,cellular,220,1,failure,no,A03430
3431,Woodrow  Colon,Female,24,Wyoming,Blue Collar,28.Nov.2017,"$28,145.82 ",single,tertiary,yes,no,cellular,546,1,unknown,no,A03431
3432,Salvador  Bass,Female,40,Wyoming,White Collar,28.Nov.2017,"$62,794.24 ",single,secondary,no,no,cellular,1124,2,unknown,yes,A03432
3433,Lynette  Brewer,Female,35,Wyoming,White Collar,28.Nov.2017,"$138,489.04 ",married,secondary,yes,no,unknown,141,1,unknown,no,A03433
3434,Lee  Mack,Female,33,California,White Collar,29.Nov.2017,"$18,442.73 ",married,secondary,no,no,cellular,188,1,other,no,A03434
3435,Iris  Underwood,Male,31,California,White Collar,29.Nov.2017,"$26,046.58 ",single,tertiary,yes,no,cellular,107,4,failure,no,A03435
3436,Jenny  Garcia,Female,36,California,Other,29.Nov.2017,"$46,830.42 ",married,secondary,yes,no,unknown,320,4,unknown,no,A03436
3437,Colleen  Warren,Female,24,California,Other,29.Nov.2017,"$80,922.09 ",married,secondary,yes,no,cellular,244,3,unknown,no,A03437
3438,Lance  Yates,Female,32,California,White Collar,29.Nov.2017,"$107,560.46 ",single,secondary,yes,no,cellular,319,2,unknown,no,A03438
3439,Della  Jensen,Male,54,Nevada,Other,29.Nov.2017,"$107,365.39 ",married,unknown,no,no,unknown,147,2,unknown,no,A03439
3440,Bernadette  Page,Male,61,Nevada,Blue Collar,29.Nov.2017,"$35,087.54 ",married,secondary,no,no,cellular,114,6,other,no,A03440
3441,Sonya  Mullins,Male,42,Nevada,Blue Collar,29.Nov.2017,"$44,238.70 ",married,secondary,yes,yes,cellular,400,2,unknown,no,A03441
3442,Cecilia  Manning,Male,34,Wyoming,Other,29.Nov.2017,"$64,955.09 ",married,secondary,yes,yes,cellular,79,3,unknown,no,A03442
3443,Lee  Mack,Female,21,Oregon,Blue Collar,29.Nov.2017,"$77,036.75 ",married,primary,no,no,unknown,29,4,unknown,no,A03443
3444,Paulette  Spencer,Male,25,California,White Collar,30.Nov.2017,"$115,855.81 ",married,secondary,yes,no,cellular,97,2,unknown,no,A03444
3445,Austin  Reynolds,Female,36,California,White Collar,30.Nov.2017,"$75,382.63 ",divorced,secondary,yes,no,unknown,187,5,unknown,no,A03445
3446,Elvira  Bowman,Female,18,California,White Collar,30.Nov.2017,"$139,705.75 ",married,secondary,no,no,unknown,201,1,unknown,no,A03446
3447,Don  Gonzales,Female,34,California,White Collar,30.Nov.2017,"$8,762.49 ",married,secondary,no,no,cellular,280,1,failure,no,A03447
3448,Ernest  Davis,Male,31,California,White Collar,30.Nov.2017,"$7,727.76 ",married,tertiary,no,no,unknown,150,1,unknown,no,A03448
3449,Salvador  Bass,Female,39,California,White Collar,30.Nov.2017,"$60,527.88 ",divorced,secondary,no,no,cellular,129,1,unknown,no,A03449
3450,Sandra  Floyd,Male,35,California,White Collar,30.Nov.2017,"$271,164.18 ",single,secondary,no,no,cellular,516,1,unknown,no,A03450
3451,Edwin  Malone,Male,36,California,White Collar,30.Nov.2017,"$45,171.19 ",married,primary,yes,no,unknown,127,2,unknown,no,A03451
3452,Salvador  Bass,Male,40,California,Blue Collar,30.Nov.2017,"$46,199.87 ",single,primary,no,no,unknown,174,2,unknown,no,A03452
3453,Fernando  Rowe,Female,36,California,Other,30.Nov.2017,"$105,497.55 ",married,secondary,yes,no,cellular,82,5,unknown,no,A03453
3454,Ben  Perez,Female,32,California,White Collar,30.Nov.2017,"$146,334.06 ",single,secondary,yes,no,unknown,1516,2,unknown,no,A03454
3455,Rachel  Gomez,Female,39,California,White Collar,30.Nov.2017,"$167,163.24 ",divorced,secondary,yes,no,unknown,204,1,unknown,no,A03455
3456,Ben  Perez,Male,38,California,Blue Collar,30.Nov.2017,"$29,963.88 ",divorced,secondary,no,yes,unknown,109,1,unknown,no,A03456
3457,Allan  Ramos,Female,24,California,White Collar,30.Nov.2017,"$146,037.85 ",married,secondary,no,no,cellular,378,1,unknown,no,A03457
3458,Shari  Silva,Female,45,California,White Collar,30.Nov.2017,"$62,550.37 ",single,tertiary,yes,no,unknown,152,11,unknown,no,A03458
3459,Isabel  Cross,Female,55,Nevada,White Collar,30.Nov.2017,"$101,307.39 ",married,secondary,no,no,cellular,185,1,unknown,yes,A03459
3460,Donna  Reid,Male,51,Nevada,Other,30.Nov.2017,"$6,824.28 ",single,primary,yes,no,cellular,317,1,unknown,no,A03460
3461,Allan  Ramos,Female,56,Nevada,Other,30.Nov.2017,"$6,134.39 ",married,secondary,yes,no,unknown,27,1,unknown,no,A03461
3462,Marian  Hill,Male,44,Nevada,White Collar,30.Nov.2017,"$58,165.43 ",single,secondary,no,no,cellular,205,6,unknown,no,A03462
3463,Salvador  Bass,Male,49,Nevada,Other,30.Nov.2017,"$106,427.34 ",married,secondary,yes,no,telephone,46,1,failure,no,A03463
3464,Cindy  Becker,Female,58,Nevada,Other,30.Nov.2017,"$115,677.13 ",married,secondary,no,no,cellular,978,2,other,no,A03464
3465,Tiffany  May,Female,42,Wyoming,White Collar,30.Nov.2017,"$25,654.78 ",single,secondary,yes,yes,cellular,45,5,unknown,no,A03465
3466,Blake  Bridges,Female,44,Wyoming,Other,30.Nov.2017,"$66,792.57 ",married,secondary,yes,no,unknown,145,6,unknown,no,A03466
3467,Mable  Lindsey,Female,31,Wyoming,White Collar,30.Nov.2017,"$9,032.13 ",divorced,secondary,yes,no,cellular,138,1,unknown,no,A03467
3468,Salvador  Bass,Male,41,Wyoming,Blue Collar,30.Nov.2017,$114.13 ,divorced,tertiary,yes,no,unknown,720,2,unknown,no,A03468
3469,Brooke  Horton,Female,37,Wyoming,White Collar,30.Nov.2017,"$37,160.39 ",divorced,secondary,no,yes,unknown,362,1,unknown,no,A03469
3470,Peter  Hodges,Female,41,Wyoming,White Collar,30.Nov.2017,"$17,360.43 ",married,primary,yes,no,cellular,90,6,unknown,no,A03470
3471,Andrew  Meyer,Female,20,Wyoming,White Collar,30.Nov.2017,"$102,340.63 ",single,secondary,yes,yes,unknown,214,1,unknown,no,A03471
3472,Brooke  Horton,Female,34,Oregon,Blue Collar,30.Nov.2017,"$22,779.82 ",married,primary,yes,no,cellular,142,3,failure,no,A03472
3473,Donna  Reid,Female,42,California,White Collar,01.Dec.2017,"$67,575.84 ",married,secondary,yes,no,unknown,241,3,unknown,no,A03473
3474,Eddie  Green,Male,45,California,White Collar,01.Dec.2017,"$59,999.42 ",married,tertiary,yes,yes,telephone,148,6,unknown,no,A03474
3475,Trevor  Jones,Female,33,California,White Collar,01.Dec.2017,"$18,725.67 ",married,secondary,no,no,unknown,227,6,unknown,no,A03475
3476,Nellie  Joseph,Female,42,Nevada,Other,01.Dec.2017,"$13,451.12 ",single,secondary,no,no,cellular,126,2,unknown,no,A03476
3477,Lynette  Brewer,Female,46,Nevada,Other,01.Dec.2017,"$41,619.73 ",married,secondary,yes,no,unknown,410,1,unknown,no,A03477
3478,Allan  Ramos,Male,43,Nevada,Blue Collar,01.Dec.2017,"$80,206.36 ",married,unknown,yes,no,cellular,243,2,unknown,no,A03478
3479,Herman  Williams,Female,24,Wyoming,White Collar,01.Dec.2017,"$26,341.09 ",married,primary,yes,no,unknown,171,2,unknown,no,A03479
3480,Ivan  Adkins,Male,44,Wyoming,White Collar,01.Dec.2017,"$154,333.40 ",single,tertiary,yes,no,unknown,147,1,unknown,no,A03480
3481,Guillermo  Potter,Female,28,California,White Collar,02.Dec.2017,"$155,267.61 ",married,secondary,yes,no,unknown,91,1,unknown,no,A03481
3482,Bernadette  Page,Female,34,California,White Collar,02.Dec.2017,"$89,657.88 ",married,secondary,yes,no,cellular,332,1,failure,no,A03482
3483,Ernest  Davis,Female,42,California,White Collar,02.Dec.2017,"$36,567.18 ",married,secondary,yes,no,cellular,471,2,unknown,no,A03483
3484,Trevor  Jones,Female,33,California,White Collar,02.Dec.2017,"$30,621.21 ",married,tertiary,no,no,telephone,364,1,other,no,A03484
3485,Charlie  Wood,Male,21,California,White Collar,02.Dec.2017,"$52,323.85 ",married,secondary,yes,yes,cellular,98,1,failure,no,A03485
3486,Isabel  Cross,Female,40,California,White Collar,02.Dec.2017,"$71,788.09 ",single,tertiary,yes,yes,cellular,117,2,unknown,no,A03486
3487,Lee  Mack,Female,44,California,Other,02.Dec.2017,"$16,598.46 ",married,primary,no,no,telephone,185,4,unknown,no,A03487
3488,Ruben  Nunez,Female,44,California,Other,02.Dec.2017,"$106,436.58 ",married,unknown,yes,no,telephone,59,3,other,no,A03488
3489,Shari  Silva,Male,33,California,White Collar,02.Dec.2017,"$11,331.54 ",married,tertiary,no,no,cellular,147,3,unknown,no,A03489
3490,Colleen  Warren,Male,29,California,Blue Collar,02.Dec.2017,"$62,533.55 ",married,secondary,yes,yes,unknown,553,2,unknown,no,A03490
3491,Willie  Vega,Male,37,California,Blue Collar,02.Dec.2017,"$34,378.28 ",single,tertiary,no,no,cellular,275,1,unknown,no,A03491
3492,Rachel  Gomez,Male,57,Nevada,Other,02.Dec.2017,"$130,370.15 ",married,tertiary,no,no,telephone,239,4,unknown,yes,A03492
3493,Eddie  Green,Female,53,Nevada,White Collar,02.Dec.2017,"$12,406.43 ",married,secondary,yes,no,unknown,402,9,unknown,no,A03493
3494,Bethany  Pena,Male,48,Nevada,Blue Collar,02.Dec.2017,"$8,511.64 ",single,tertiary,yes,yes,cellular,172,1,failure,no,A03494
3495,Sonya  Mullins,Male,54,Nevada,Other,02.Dec.2017,"$51,735.84 ",married,primary,no,no,cellular,195,2,unknown,no,A03495
3496,Billie  Chandler,Male,43,Nevada,Blue Collar,02.Dec.2017,"$45,097.19 ",married,primary,no,no,telephone,68,12,unknown,no,A03496
3497,Elaine  Ellis,Female,30,Wyoming,Blue Collar,02.Dec.2017,$142.19 ,single,tertiary,no,yes,cellular,82,3,unknown,no,A03497
3498,Christy  Olson,Female,36,California,White Collar,03.Dec.2017,$931.46 ,married,secondary,yes,no,unknown,57,6,unknown,no,A03498
3499,Paulette  Spencer,Female,34,California,Other,03.Dec.2017,"$58,268.27 ",divorced,secondary,no,no,cellular,495,1,success,yes,A03499
3500,Charlie  Wood,Male,29,California,White Collar,03.Dec.2017,"$202,305.37 ",single,tertiary,yes,no,cellular,479,1,unknown,no,A03500
3501,Ruben  Nunez,Male,34,California,Other,03.Dec.2017,"$199,447.03 ",married,secondary,no,no,cellular,141,2,unknown,no,A03501
3502,Christina  Fuller,Female,49,California,White Collar,03.Dec.2017,"$108,376.94 ",married,tertiary,no,no,cellular,82,4,unknown,no,A03502
3503,Sonya  Mullins,Female,48,California,White Collar,03.Dec.2017,"$52,849.79 ",divorced,tertiary,yes,no,cellular,798,1,other,yes,A03503
3504,Woodrow  Colon,Female,29,California,White Collar,03.Dec.2017,"$79,975.64 ",single,secondary,no,yes,cellular,232,1,unknown,no,A03504
3505,Nellie  Joseph,Male,31,California,White Collar,03.Dec.2017,"$1,371.58 ",married,tertiary,no,no,cellular,60,5,unknown,no,A03505
3506,Lorraine  Gibson,Female,41,California,White Collar,03.Dec.2017,"$181,479.04 ",married,tertiary,yes,no,unknown,103,3,unknown,no,A03506
3507,Sylvester  Morales,Male,29,California,White Collar,03.Dec.2017,"$75,548.96 ",married,tertiary,no,yes,cellular,443,1,unknown,no,A03507
3508,Andrew  Meyer,Female,42,California,Blue Collar,03.Dec.2017,"$50,771.55 ",married,secondary,yes,no,unknown,400,2,unknown,no,A03508
3509,Charlie  Wood,Female,40,California,White Collar,03.Dec.2017,"$27,967.43 ",married,secondary,no,no,unknown,132,1,unknown,no,A03509
3510,Herman  Williams,Male,18,California,Other,03.Dec.2017,"$27,210.33 ",divorced,secondary,yes,yes,cellular,374,16,unknown,no,A03510
3511,Elbert  Klein,Female,40,California,White Collar,03.Dec.2017,"$70,560.66 ",married,secondary,no,no,cellular,363,7,unknown,yes,A03511
3512,Shari  Silva,Male,33,California,Blue Collar,03.Dec.2017,"$73,076.16 ",single,tertiary,no,no,cellular,111,2,unknown,no,A03512
3513,Mable  Lindsey,Female,32,California,White Collar,03.Dec.2017,"$47,961.28 ",single,tertiary,no,no,cellular,130,4,unknown,no,A03513
3514,Jenny  Garcia,Male,31,California,Other,03.Dec.2017,"$77,243.42 ",married,unknown,no,no,telephone,308,3,unknown,no,A03514
3515,Andrew  Meyer,Male,25,California,Blue Collar,03.Dec.2017,"$3,052.28 ",married,secondary,yes,no,unknown,116,1,unknown,no,A03515
3516,Drew  Rogers,Male,34,California,White Collar,03.Dec.2017,"$64,730.93 ",single,tertiary,no,no,cellular,160,2,unknown,no,A03516
3517,Tiffany  May,Male,33,California,White Collar,03.Dec.2017,"$13,678.88 ",divorced,primary,yes,no,unknown,205,3,unknown,no,A03517
3518,Cassandra  Franklin,Female,28,California,White Collar,03.Dec.2017,"$55,002.45 ",married,tertiary,yes,no,cellular,185,2,unknown,no,A03518
3519,Isabel  Cross,Female,25,California,White Collar,03.Dec.2017,"$84,482.19 ",married,secondary,yes,no,cellular,61,2,failure,no,A03519
3520,Brooke  Horton,Female,28,California,Blue Collar,03.Dec.2017,"$47,578.69 ",married,secondary,no,no,telephone,159,2,success,no,A03520
3521,Trevor  Jones,Male,51,Nevada,Blue Collar,03.Dec.2017,"$12,151.03 ",single,tertiary,yes,no,cellular,213,1,failure,no,A03521
3522,Ruben  Nunez,Male,52,Nevada,White Collar,03.Dec.2017,"$157,925.07 ",married,tertiary,yes,no,unknown,294,15,unknown,no,A03522
3523,Rachel  Gomez,Male,47,Nevada,Blue Collar,03.Dec.2017,"$8,238.36 ",married,secondary,yes,no,cellular,140,3,unknown,no,A03523
3524,Ellen  Weaver,Male,42,Nevada,Other,03.Dec.2017,"$53,279.18 ",married,secondary,yes,yes,cellular,71,1,other,no,A03524
3525,Lance  Yates,Male,54,Nevada,Blue Collar,03.Dec.2017,"$2,197.88 ",married,secondary,no,yes,cellular,47,7,unknown,no,A03525
3526,Andrew  Meyer,Female,52,Nevada,Other,03.Dec.2017,"$92,389.00 ",single,secondary,yes,no,cellular,570,2,unknown,no,A03526
3527,Patty  Thompson,Female,53,Nevada,Other,03.Dec.2017,"$54,835.85 ",married,secondary,yes,no,cellular,287,2,unknown,no,A03527
3528,Della  Jensen,Female,41,Nevada,Other,03.Dec.2017,"$15,630.39 ",divorced,secondary,yes,no,cellular,130,1,failure,yes,A03528
3529,Blake  Bridges,Female,32,Nevada,Other,03.Dec.2017,"$56,596.79 ",divorced,tertiary,yes,no,cellular,201,1,other,no,A03529
3530,Charlie  Wood,Male,27,Nevada,Blue Collar,03.Dec.2017,"$109,489.72 ",single,tertiary,no,no,cellular,11,7,unknown,no,A03530
3531,Woodrow  Colon,Male,46,Nevada,Blue Collar,03.Dec.2017,"$92,246.82 ",married,tertiary,yes,no,cellular,70,5,other,no,A03531
3532,Paulette  Spencer,Female,47,Nevada,Other,03.Dec.2017,"$51,328.82 ",divorced,tertiary,no,no,cellular,54,2,unknown,no,A03532
3533,Tiffany  May,Male,50,Nevada,White Collar,03.Dec.2017,"$45,023.88 ",married,secondary,yes,no,unknown,22,16,unknown,no,A03533
3534,Cindy  Becker,Female,18,Wyoming,White Collar,03.Dec.2017,"$8,293.03 ",single,secondary,no,no,cellular,103,3,unknown,no,A03534
3535,Carla  Mccormick,Male,38,Wyoming,Blue Collar,03.Dec.2017,"$72,878.33 ",single,secondary,yes,no,cellular,104,1,failure,no,A03535
3536,Della  Jensen,Male,30,Wyoming,Blue Collar,03.Dec.2017,"$63,919.42 ",married,primary,no,no,telephone,29,2,unknown,no,A03536
3537,Isabel  Cross,Female,40,California,Other,04.Dec.2017,"$38,821.63 ",married,unknown,yes,no,unknown,57,2,unknown,no,A03537
3538,Drew  Rogers,Male,37,California,White Collar,04.Dec.2017,"$12,953.25 ",divorced,secondary,yes,no,unknown,236,1,unknown,no,A03538
3539,Dan  Peterson,Male,39,California,White Collar,04.Dec.2017,"$57,919.28 ",single,tertiary,no,no,cellular,528,3,unknown,yes,A03539
3540,Kyle  Carr,Male,57,Nevada,Blue Collar,04.Dec.2017,"$7,524.67 ",single,secondary,yes,no,cellular,68,2,unknown,no,A03540
3541,Dan  Peterson,Male,37,Nevada,Other,04.Dec.2017,"$91,057.67 ",married,primary,no,no,telephone,876,1,unknown,yes,A03541
3542,Brooke  Horton,Male,35,Nevada,Blue Collar,04.Dec.2017,"$55,283.76 ",married,tertiary,no,no,cellular,76,1,unknown,no,A03542
3543,Herman  Williams,Male,50,Nevada,Other,04.Dec.2017,"$117,898.40 ",married,secondary,yes,no,unknown,99,1,unknown,no,A03543
3544,Christina  Fuller,Male,57,Nevada,Blue Collar,04.Dec.2017,"$68,745.22 ",married,secondary,yes,no,cellular,122,3,failure,no,A03544
3545,Felicia  Jennings,Female,41,Nevada,White Collar,04.Dec.2017,"$7,211.99 ",married,primary,no,yes,cellular,141,1,unknown,no,A03545
3546,Patty  Thompson,Male,56,Nevada,Other,04.Dec.2017,"$10,278.13 ",married,secondary,yes,yes,unknown,58,2,unknown,no,A03546
3547,Nellie  Joseph,Male,40,Nevada,Blue Collar,04.Dec.2017,"$65,080.31 ",single,tertiary,no,no,cellular,78,3,unknown,no,A03547
3548,Tracy  Reed,Female,51,Nevada,Other,04.Dec.2017,"$87,584.46 ",single,secondary,yes,no,unknown,435,3,unknown,no,A03548
3549,Brooke  Horton,Female,44,Wyoming,Other,04.Dec.2017,"$59,679.27 ",married,secondary,no,no,cellular,123,2,failure,no,A03549
3550,Brooke  Horton,Female,40,California,White Collar,05.Dec.2017,"$47,970.64 ",married,primary,no,yes,telephone,210,3,unknown,no,A03550
3551,Joey  Wong,Female,35,California,White Collar,05.Dec.2017,"$34,682.52 ",single,primary,yes,no,unknown,54,2,unknown,no,A03551
3552,Donna  Reid,Female,36,California,White Collar,05.Dec.2017,"$34,404.64 ",married,secondary,yes,no,unknown,138,4,unknown,no,A03552
3553,Woodrow  Colon,Male,34,California,White Collar,05.Dec.2017,"$35,438.18 ",married,secondary,no,no,cellular,336,7,unknown,no,A03553
3554,Salvador  Bass,Female,32,California,Other,05.Dec.2017,"$67,086.73 ",married,secondary,yes,no,cellular,249,1,unknown,yes,A03554
3555,Johanna  Boone,Female,40,California,Other,05.Dec.2017,"$130,199.55 ",married,secondary,no,no,unknown,63,1,unknown,no,A03555
3556,Cassandra  Franklin,Female,36,California,White Collar,05.Dec.2017,"$62,486.87 ",married,secondary,yes,no,unknown,257,1,unknown,no,A03556
3557,Eric  Rose,Male,20,California,White Collar,05.Dec.2017,"$77,774.52 ",married,tertiary,no,no,cellular,875,2,unknown,yes,A03557
3558,Cindy  Becker,Male,34,California,White Collar,05.Dec.2017,$374.15 ,married,tertiary,yes,yes,unknown,191,2,unknown,no,A03558
3559,Christina  Fuller,Male,37,Nevada,Blue Collar,05.Dec.2017,"$18,655.69 ",divorced,tertiary,no,no,cellular,481,2,unknown,yes,A03559
3560,Woodrow  Colon,Female,42,Nevada,Other,05.Dec.2017,"$120,681.46 ",single,secondary,yes,no,cellular,120,2,unknown,no,A03560
3561,Paulette  Spencer,Male,30,Nevada,White Collar,05.Dec.2017,"$46,612.00 ",married,secondary,yes,yes,cellular,207,1,unknown,no,A03561
3562,Rachel  Gomez,Male,48,Nevada,Blue Collar,05.Dec.2017,"$17,704.21 ",married,tertiary,no,no,telephone,303,2,unknown,no,A03562
3563,Christy  Olson,Male,38,Nevada,Other,05.Dec.2017,"$72,802.72 ",single,tertiary,no,no,cellular,93,2,unknown,no,A03563
3564,Ellen  Weaver,Female,58,Nevada,White Collar,05.Dec.2017,"$32,870.16 ",married,primary,no,no,cellular,128,1,unknown,no,A03564
3565,Brooke  Horton,Male,48,Nevada,Other,05.Dec.2017,"$32,438.30 ",single,tertiary,no,yes,cellular,194,2,unknown,no,A03565
3566,Mable  Lindsey,Female,46,Nevada,Other,05.Dec.2017,"$34,099.07 ",married,secondary,yes,yes,unknown,408,2,unknown,no,A03566
3567,Salvador  Bass,Male,48,Nevada,White Collar,05.Dec.2017,"$121,686.99 ",married,secondary,yes,no,cellular,5,3,unknown,no,A03567
3568,Rachel  Gomez,Female,41,Nevada,Other,05.Dec.2017,"$13,297.87 ",married,unknown,yes,no,cellular,231,2,unknown,no,A03568
3569,Donna  Reid,Female,42,Wyoming,White Collar,05.Dec.2017,"$41,029.60 ",divorced,secondary,yes,no,unknown,20,3,unknown,no,A03569
3570,Peter  Hodges,Male,31,California,Other,06.Dec.2017,"$30,988.97 ",married,tertiary,yes,no,cellular,218,3,other,no,A03570
3571,Pauline  Beck,Female,40,California,Other,06.Dec.2017,"$109,218.97 ",married,tertiary,no,no,unknown,36,2,unknown,no,A03571
3572,Della  Jensen,Female,32,California,White Collar,06.Dec.2017,"$75,046.66 ",married,secondary,no,no,cellular,136,8,unknown,no,A03572
3573,Nellie  Joseph,Female,22,California,Blue Collar,06.Dec.2017,"$56,575.39 ",married,secondary,no,no,cellular,336,1,unknown,no,A03573
3574,Elvira  Bowman,Female,40,California,White Collar,06.Dec.2017,"$75,598.04 ",divorced,primary,no,yes,cellular,192,1,unknown,no,A03574
3575,Edwin  Malone,Male,26,California,Blue Collar,06.Dec.2017,"$24,575.48 ",married,tertiary,no,no,cellular,141,1,failure,no,A03575
3576,Shari  Silva,Female,27,California,White Collar,06.Dec.2017,"$20,676.84 ",married,primary,yes,yes,unknown,65,2,unknown,no,A03576
3577,Joey  Wong,Male,33,California,Blue Collar,06.Dec.2017,"$53,734.49 ",married,tertiary,yes,no,cellular,203,2,other,no,A03577
3578,Christina  Fuller,Female,35,Nevada,Other,06.Dec.2017,"$8,801.39 ",married,tertiary,no,no,cellular,104,9,unknown,no,A03578
3579,Mable  Lindsey,Male,48,Nevada,Blue Collar,06.Dec.2017,"$74,959.75 ",married,secondary,yes,no,unknown,230,1,unknown,no,A03579
3580,Della  Jensen,Male,61,Nevada,Blue Collar,06.Dec.2017,"$16,778.43 ",divorced,tertiary,no,no,cellular,71,1,unknown,no,A03580
3581,Bethany  Pena,Male,51,Nevada,Blue Collar,06.Dec.2017,"$75,917.55 ",married,tertiary,yes,no,unknown,205,2,unknown,no,A03581
3582,Sonya  Mullins,Male,49,Nevada,Blue Collar,06.Dec.2017,"$1,519.34 ",married,tertiary,yes,no,unknown,162,1,unknown,no,A03582
3583,Kyle  Carr,Male,48,Nevada,Other,06.Dec.2017,"$97,812.03 ",married,tertiary,yes,no,unknown,145,2,unknown,no,A03583
3584,Lula  Daniels,Female,36,California,White Collar,07.Dec.2017,"$13,346.21 ",single,tertiary,yes,no,unknown,220,2,unknown,no,A03584
3585,Christina  Fuller,Male,51,California,White Collar,07.Dec.2017,"$54,658.81 ",married,secondary,yes,no,telephone,309,3,failure,no,A03585
3586,Lynette  Brewer,Female,31,California,White Collar,07.Dec.2017,"$122,948.43 ",married,secondary,yes,yes,unknown,421,3,unknown,no,A03586
3587,Sandra  Floyd,Female,35,California,White Collar,07.Dec.2017,"$13,575.79 ",married,secondary,no,no,cellular,261,1,success,yes,A03587
3588,Eddie  Green,Male,28,California,White Collar,07.Dec.2017,"$28,264.49 ",married,tertiary,no,no,cellular,132,2,unknown,no,A03588
3589,Shari  Silva,Female,40,California,Blue Collar,07.Dec.2017,"$170,324.69 ",single,secondary,no,no,cellular,273,1,other,no,A03589
3590,Sandra  Floyd,Female,34,California,Blue Collar,07.Dec.2017,"$83,138.96 ",married,unknown,no,no,cellular,349,2,success,yes,A03590
3591,Mable  Lindsey,Male,39,California,White Collar,07.Dec.2017,"$20,930.69 ",married,tertiary,no,no,unknown,291,3,unknown,no,A03591
3592,Marian  Hill,Female,41,California,White Collar,07.Dec.2017,"$123,674.42 ",married,secondary,yes,no,cellular,83,6,unknown,no,A03592
3593,Tracy  Reed,Male,31,California,White Collar,07.Dec.2017,"$15,292.75 ",married,secondary,yes,no,unknown,793,2,unknown,no,A03593
3594,Marion  Glover,Male,42,California,White Collar,07.Dec.2017,"$106,296.13 ",single,primary,yes,no,cellular,119,1,success,no,A03594
3595,Billie  Chandler,Female,36,California,Blue Collar,07.Dec.2017,"$108,548.25 ",married,secondary,yes,yes,unknown,312,1,unknown,no,A03595
3596,Trevor  Jones,Male,31,California,White Collar,07.Dec.2017,"$36,677.39 ",single,secondary,no,no,unknown,103,6,unknown,no,A03596
3597,Don  Gonzales,Female,37,California,White Collar,07.Dec.2017,"$47,942.51 ",married,secondary,yes,no,cellular,101,3,unknown,no,A03597
3598,Robert  Munoz,Female,33,California,White Collar,07.Dec.2017,"$22,746.60 ",married,primary,no,no,unknown,48,1,unknown,no,A03598
3599,Austin  Reynolds,Male,26,California,White Collar,07.Dec.2017,"$42,320.40 ",married,secondary,yes,no,cellular,228,3,unknown,no,A03599
3600,Rachel  Gomez,Male,39,California,White Collar,07.Dec.2017,"$23,626.54 ",married,primary,no,no,unknown,81,3,unknown,no,A03600
3601,Cassandra  Franklin,Male,33,California,White Collar,07.Dec.2017,"$109,397.09 ",married,secondary,no,no,cellular,152,2,unknown,no,A03601
3602,Rachel  Gomez,Male,27,California,Blue Collar,07.Dec.2017,"$21,792.54 ",married,secondary,yes,no,unknown,160,3,unknown,no,A03602
3603,Lee  Mack,Male,40,California,White Collar,07.Dec.2017,"$27,193.19 ",married,secondary,yes,no,unknown,59,1,unknown,no,A03603
3604,Elbert  Klein,Female,46,Nevada,Other,07.Dec.2017,"$65,231.30 ",married,secondary,yes,no,cellular,297,1,unknown,no,A03604
3605,Peter  Hodges,Female,49,Nevada,Other,07.Dec.2017,"$71,289.48 ",married,tertiary,no,no,cellular,147,2,unknown,no,A03605
3606,Cassandra  Franklin,Male,60,Nevada,Other,07.Dec.2017,"$96,078.73 ",single,tertiary,no,no,cellular,143,1,unknown,no,A03606
3607,Rachel  Gomez,Female,46,Nevada,Other,07.Dec.2017,"$118,803.49 ",married,secondary,yes,no,unknown,75,1,unknown,no,A03607
3608,Cassandra  Franklin,Female,57,Nevada,White Collar,07.Dec.2017,"$39,990.28 ",married,secondary,no,no,telephone,338,3,failure,no,A03608
3609,Patty  Thompson,Male,39,Nevada,Other,07.Dec.2017,"$111,604.46 ",married,tertiary,no,no,unknown,29,2,unknown,no,A03609
3610,Della  Jensen,Male,33,Nevada,Blue Collar,07.Dec.2017,"$68,387.16 ",married,tertiary,yes,no,unknown,159,2,unknown,no,A03610
3611,Isabel  Cross,Female,48,Nevada,Other,07.Dec.2017,"$94,760.25 ",divorced,secondary,yes,no,unknown,85,8,unknown,no,A03611
3612,Rachel  Gomez,Female,56,Nevada,Blue Collar,07.Dec.2017,"$48,942.45 ",single,secondary,yes,no,cellular,15,7,unknown,no,A03612
3613,Ernest  Davis,Female,34,California,White Collar,08.Dec.2017,"$44,158.69 ",divorced,tertiary,no,no,cellular,198,2,other,no,A03613
3614,Don  Gonzales,Female,42,California,White Collar,08.Dec.2017,"$49,710.99 ",married,secondary,no,no,unknown,114,2,unknown,no,A03614
3615,Sylvester  Morales,Male,36,California,White Collar,08.Dec.2017,"$47,204.55 ",divorced,tertiary,no,no,cellular,1117,2,unknown,no,A03615
3616,Edwin  Malone,Male,41,California,White Collar,08.Dec.2017,"$37,183.27 ",single,secondary,no,no,cellular,343,2,unknown,no,A03616
3617,Kyle  Carr,Male,45,Nevada,White Collar,08.Dec.2017,"$133,617.85 ",single,tertiary,no,no,cellular,59,2,unknown,no,A03617
3618,Peter  Hodges,Female,49,Nevada,Other,08.Dec.2017,"$57,383.45 ",married,secondary,no,no,cellular,31,1,unknown,no,A03618
3619,Della  Jensen,Male,48,Nevada,Other,08.Dec.2017,"$65,267.54 ",married,secondary,no,no,cellular,212,2,unknown,no,A03619
3620,Isabel  Cross,Male,44,Nevada,Blue Collar,08.Dec.2017,"$97,548.57 ",married,primary,yes,no,unknown,157,6,unknown,no,A03620
3621,Brooke  Horton,Male,28,California,Blue Collar,09.Dec.2017,"$10,069.45 ",divorced,secondary,no,yes,cellular,96,1,unknown,no,A03621
3622,Charlie  Wood,Female,26,California,White Collar,09.Dec.2017,"$34,174.01 ",married,tertiary,yes,no,unknown,245,2,unknown,no,A03622
3623,Don  Gonzales,Female,54,Nevada,Other,09.Dec.2017,"$64,483.04 ",single,tertiary,no,no,cellular,72,4,unknown,no,A03623
3624,Eddie  Green,Male,48,Nevada,White Collar,09.Dec.2017,"$106,305.79 ",married,primary,yes,no,cellular,700,1,unknown,no,A03624
3625,Cecilia  Manning,Male,43,Nevada,Blue Collar,09.Dec.2017,"$44,450.45 ",married,tertiary,yes,no,cellular,107,1,failure,no,A03625
3626,Drew  Rogers,Male,52,Nevada,Other,09.Dec.2017,"$20,331.16 ",married,secondary,yes,no,cellular,312,3,unknown,no,A03626
3627,Marian  Hill,Male,30,California,White Collar,10.Dec.2017,"$70,968.79 ",married,secondary,yes,yes,cellular,153,1,other,no,A03627
3628,Sonya  Mullins,Male,33,California,White Collar,10.Dec.2017,"$29,985.51 ",married,secondary,no,yes,cellular,55,10,unknown,no,A03628
3629,Eric  Rose,Male,21,California,White Collar,10.Dec.2017,"$32,988.27 ",married,secondary,yes,no,telephone,38,3,unknown,no,A03629
3630,Elbert  Klein,Female,31,California,White Collar,10.Dec.2017,"$37,330.12 ",married,secondary,no,no,cellular,96,3,unknown,no,A03630
3631,Trevor  Jones,Female,43,California,White Collar,10.Dec.2017,"$82,613.72 ",divorced,unknown,yes,no,unknown,397,1,unknown,no,A03631
3632,Rachel  Gomez,Male,38,California,White Collar,10.Dec.2017,"$40,750.60 ",married,secondary,no,yes,telephone,208,3,unknown,no,A03632
3633,Lance  Yates,Male,48,California,White Collar,10.Dec.2017,"$31,715.37 ",single,unknown,no,no,telephone,122,3,unknown,no,A03633
3634,Drew  Rogers,Female,49,California,White Collar,10.Dec.2017,"$51,304.61 ",married,tertiary,yes,yes,cellular,109,1,failure,no,A03634
3635,Bernadette  Page,Female,44,California,White Collar,10.Dec.2017,"$73,460.82 ",married,secondary,yes,yes,unknown,74,1,unknown,no,A03635
3636,Lula  Daniels,Female,23,California,White Collar,10.Dec.2017,"$66,596.37 ",married,tertiary,yes,no,cellular,72,1,unknown,no,A03636
3637,Johanna  Boone,Female,31,California,White Collar,10.Dec.2017,"$138,779.78 ",divorced,tertiary,no,no,cellular,383,2,unknown,no,A03637
3638,Cecilia  Manning,Female,40,California,White Collar,10.Dec.2017,"$15,322.33 ",married,secondary,yes,no,unknown,113,3,unknown,no,A03638
3639,Cecilia  Manning,Male,31,California,Other,10.Dec.2017,"$82,346.33 ",single,secondary,no,yes,unknown,400,1,unknown,no,A03639
3640,Elbert  Klein,Male,35,California,Blue Collar,10.Dec.2017,"$76,131.37 ",married,tertiary,no,no,cellular,387,8,unknown,no,A03640
3641,Lee  Mack,Male,34,California,White Collar,10.Dec.2017,"$62,149.09 ",married,primary,yes,no,cellular,59,2,unknown,no,A03641
3642,Shari  Silva,Female,26,California,Other,10.Dec.2017,"$6,285.63 ",single,secondary,yes,no,cellular,528,1,failure,no,A03642
3643,Blake  Bridges,Male,27,California,White Collar,10.Dec.2017,"$138,222.73 ",single,tertiary,no,no,cellular,1223,6,unknown,yes,A03643
3644,Blake  Bridges,Female,31,California,White Collar,10.Dec.2017,"$43,362.66 ",divorced,unknown,yes,no,telephone,38,2,unknown,no,A03644
3645,Max  Rodgers,Male,52,Nevada,Blue Collar,10.Dec.2017,"$103,037.36 ",single,secondary,no,no,cellular,1139,2,success,no,A03645
3646,Willie  Vega,Male,58,Nevada,Other,10.Dec.2017,"$42,252.49 ",single,primary,yes,no,cellular,286,2,unknown,no,A03646
3647,Bernadette  Page,Male,47,Nevada,Other,10.Dec.2017,"$81,412.31 ",single,secondary,yes,yes,cellular,369,2,unknown,no,A03647
3648,Ruben  Nunez,Male,40,Nevada,Other,10.Dec.2017,"$14,259.00 ",single,secondary,no,no,cellular,333,5,unknown,no,A03648
3649,Eddie  Green,Female,53,Nevada,Other,10.Dec.2017,"$122,182.64 ",single,secondary,yes,no,cellular,198,1,unknown,no,A03649
3650,Shari  Silva,Male,51,Nevada,Blue Collar,10.Dec.2017,"$7,488.54 ",married,tertiary,yes,no,cellular,106,8,unknown,no,A03650
3651,Drew  Rogers,Male,63,Nevada,Blue Collar,10.Dec.2017,"$54,149.93 ",single,secondary,no,no,cellular,423,1,unknown,no,A03651
3652,Salvador  Bass,Female,49,Nevada,Other,10.Dec.2017,"$73,546.28 ",married,tertiary,no,no,cellular,116,4,unknown,no,A03652
3653,Shari  Silva,Male,54,Nevada,Blue Collar,10.Dec.2017,"$162,637.72 ",single,secondary,yes,no,unknown,30,1,other,yes,A03653
3654,Eddie  Green,Female,42,Wyoming,White Collar,10.Dec.2017,"$14,781.76 ",divorced,secondary,yes,no,cellular,1101,2,unknown,yes,A03654
3655,Ivan  Adkins,Female,41,Wyoming,Other,10.Dec.2017,"$29,081.67 ",single,tertiary,no,no,cellular,102,1,failure,no,A03655
3656,Shari  Silva,Female,29,Wyoming,White Collar,10.Dec.2017,"$14,134.61 ",married,tertiary,yes,no,cellular,384,6,unknown,no,A03656
3657,Sonya  Mullins,Female,38,Wyoming,Other,10.Dec.2017,"$141,450.87 ",single,unknown,no,no,cellular,156,2,failure,no,A03657
3658,Salvador  Bass,Female,35,California,White Collar,11.Dec.2017,"$184,113.70 ",divorced,secondary,yes,no,telephone,99,3,unknown,no,A03658
3659,Felicia  Jennings,Female,44,California,Other,11.Dec.2017,"$49,051.69 ",single,secondary,no,no,telephone,280,6,other,yes,A03659
3660,Dan  Peterson,Male,24,California,Blue Collar,11.Dec.2017,"$184,097.69 ",married,secondary,no,no,telephone,20,2,unknown,no,A03660
3661,Andrew  Meyer,Male,20,Nevada,Blue Collar,11.Dec.2017,"$5,544.51 ",single,secondary,yes,no,unknown,258,1,unknown,no,A03661
3662,Cindy  Becker,Female,50,Nevada,Other,11.Dec.2017,"$101,197.55 ",single,secondary,no,no,cellular,85,6,unknown,no,A03662
3663,Sandra  Floyd,Male,47,Nevada,Blue Collar,11.Dec.2017,"$17,378.54 ",married,secondary,no,no,unknown,355,1,unknown,no,A03663
3664,Johanna  Boone,Male,41,Wyoming,White Collar,11.Dec.2017,"$25,610.55 ",married,secondary,yes,no,unknown,66,3,unknown,no,A03664
3665,Eric  Rose,Male,46,California,White Collar,12.Dec.2017,"$44,672.04 ",married,secondary,yes,no,cellular,467,1,unknown,no,A03665
3666,Ellen  Weaver,Female,41,California,Other,12.Dec.2017,"$27,172.90 ",single,secondary,yes,no,cellular,582,2,failure,no,A03666
3667,Andrew  Meyer,Female,42,California,White Collar,12.Dec.2017,"$108,350.79 ",married,secondary,yes,no,cellular,744,1,unknown,yes,A03667
3668,Tiffany  May,Female,36,California,White Collar,12.Dec.2017,"$21,706.63 ",single,tertiary,no,no,cellular,185,4,unknown,no,A03668
3669,Della  Jensen,Female,36,California,White Collar,12.Dec.2017,"$107,524.09 ",single,secondary,yes,no,cellular,13,5,unknown,no,A03669
3670,Pauline  Beck,Female,37,California,White Collar,12.Dec.2017,"$74,009.27 ",single,secondary,yes,no,cellular,98,1,failure,no,A03670
3671,Elaine  Ellis,Female,32,California,Blue Collar,12.Dec.2017,"$41,918.40 ",single,primary,yes,no,unknown,127,1,unknown,no,A03671
3672,Shari  Silva,Female,24,California,Other,12.Dec.2017,"$26,784.84 ",married,secondary,no,no,unknown,45,2,unknown,no,A03672
3673,Marian  Hill,Female,34,California,White Collar,12.Dec.2017,"$115,496.21 ",married,secondary,yes,no,cellular,244,3,unknown,no,A03673
3674,Lula  Daniels,Female,54,Nevada,Other,12.Dec.2017,"$51,890.43 ",married,tertiary,no,no,unknown,2769,4,unknown,yes,A03674
3675,Christy  Olson,Male,44,Nevada,Blue Collar,12.Dec.2017,"$89,629.24 ",single,tertiary,yes,no,cellular,561,4,failure,no,A03675
3676,Ernest  Davis,Male,57,Nevada,Blue Collar,12.Dec.2017,"$116,747.61 ",single,tertiary,no,no,cellular,182,1,unknown,no,A03676
3677,Ellen  Weaver,Male,64,Nevada,Blue Collar,12.Dec.2017,"$72,321.63 ",married,secondary,no,no,cellular,618,1,unknown,no,A03677
3678,Patty  Thompson,Male,34,Wyoming,White Collar,12.Dec.2017,"$37,996.10 ",married,secondary,yes,yes,unknown,198,3,unknown,no,A03678
3679,Elvira  Bowman,Female,39,Wyoming,Other,12.Dec.2017,"$38,766.42 ",divorced,secondary,no,no,cellular,126,6,unknown,no,A03679
3680,Johanna  Boone,Female,42,California,White Collar,13.Dec.2017,"$32,965.15 ",married,secondary,yes,yes,cellular,715,1,unknown,no,A03680
3681,Della  Jensen,Female,35,California,Other,13.Dec.2017,"$24,599.78 ",divorced,secondary,yes,no,cellular,63,1,unknown,no,A03681
3682,Nellie  Joseph,Male,28,California,White Collar,13.Dec.2017,"$59,756.13 ",single,secondary,yes,no,unknown,412,1,unknown,yes,A03682
3683,Brooke  Horton,Male,33,California,White Collar,13.Dec.2017,"$80,236.34 ",divorced,tertiary,no,no,cellular,66,1,failure,no,A03683
3684,Della  Jensen,Male,36,California,Other,13.Dec.2017,"$20,444.24 ",married,secondary,yes,no,cellular,96,1,unknown,no,A03684
3685,Austin  Reynolds,Male,27,California,White Collar,13.Dec.2017,"$116,264.33 ",single,tertiary,no,no,cellular,633,1,success,yes,A03685
3686,Shari  Silva,Female,28,California,Blue Collar,13.Dec.2017,"$24,192.75 ",single,tertiary,yes,no,unknown,364,1,unknown,no,A03686
3687,Austin  Reynolds,Female,33,California,White Collar,13.Dec.2017,"$89,724.49 ",married,secondary,no,no,unknown,298,3,unknown,no,A03687
3688,Shari  Silva,Female,31,California,Blue Collar,13.Dec.2017,"$44,690.06 ",single,secondary,yes,no,cellular,341,1,unknown,no,A03688
3689,Robert  Munoz,Male,36,California,White Collar,13.Dec.2017,"$5,415.61 ",married,secondary,yes,no,unknown,364,1,unknown,no,A03689
3690,Johanna  Boone,Female,29,California,Blue Collar,13.Dec.2017,"$28,058.60 ",married,tertiary,yes,no,cellular,234,7,failure,no,A03690
3691,Fernando  Rowe,Female,53,Nevada,Other,13.Dec.2017,"$70,543.91 ",married,primary,no,no,cellular,639,1,failure,yes,A03691
3692,Bobbie  Ryan,Male,52,Nevada,White Collar,13.Dec.2017,"$22,071.31 ",single,tertiary,no,no,cellular,310,4,unknown,no,A03692
3693,Willie  Vega,Male,37,Nevada,Blue Collar,13.Dec.2017,"$6,518.99 ",divorced,primary,yes,no,unknown,123,4,unknown,no,A03693
3694,Bobbie  Ryan,Male,39,Nevada,Blue Collar,13.Dec.2017,"$56,121.49 ",married,tertiary,no,no,cellular,253,1,unknown,no,A03694
3695,Ivan  Adkins,Male,49,Nevada,Other,13.Dec.2017,"$61,011.10 ",married,secondary,yes,no,cellular,96,2,unknown,no,A03695
3696,Lynette  Brewer,Male,48,Nevada,Other,13.Dec.2017,"$69,478.40 ",married,tertiary,no,no,cellular,297,1,success,yes,A03696
3697,Kyle  Carr,Male,52,Nevada,Blue Collar,13.Dec.2017,"$28,800.84 ",single,secondary,yes,yes,unknown,501,2,unknown,no,A03697
3698,Lee  Mack,Male,50,Nevada,Blue Collar,13.Dec.2017,"$30,827.75 ",divorced,primary,yes,no,cellular,67,1,failure,no,A03698
3699,Bernadette  Page,Male,48,Nevada,Blue Collar,13.Dec.2017,"$16,468.67 ",married,primary,yes,no,unknown,281,1,unknown,no,A03699
3700,Marian  Hill,Male,54,Nevada,Blue Collar,13.Dec.2017,"$40,155.79 ",married,secondary,yes,yes,cellular,475,2,unknown,no,A03700
3701,Jenny  Garcia,Female,53,Nevada,Other,13.Dec.2017,"$107,176.81 ",married,primary,no,no,cellular,205,1,unknown,no,A03701
3702,Max  Rodgers,Male,47,Nevada,Other,13.Dec.2017,"$55,446.34 ",married,tertiary,yes,no,cellular,272,1,other,no,A03702
3703,Cindy  Becker,Female,28,Nevada,Other,13.Dec.2017,"$50,442.61 ",married,secondary,yes,no,cellular,349,1,unknown,no,A03703
3704,Isabel  Cross,Male,35,Wyoming,Blue Collar,13.Dec.2017,"$19,011.75 ",married,primary,yes,no,cellular,216,4,failure,no,A03704
3705,Cindy  Becker,Female,39,Wyoming,White Collar,13.Dec.2017,"$5,685.79 ",married,secondary,yes,no,cellular,183,1,unknown,no,A03705
3706,Robert  Munoz,Male,34,Wyoming,Other,13.Dec.2017,"$23,500.94 ",married,tertiary,yes,no,cellular,130,1,other,no,A03706
3707,Lance  Yates,Male,35,Wyoming,Other,13.Dec.2017,"$156,436.15 ",married,primary,yes,yes,unknown,61,6,unknown,no,A03707
3708,Dan  Peterson,Female,47,California,White Collar,14.Dec.2017,"$96,583.85 ",single,secondary,yes,no,unknown,92,2,unknown,no,A03708
3709,Robert  Munoz,Male,24,California,White Collar,14.Dec.2017,"$38,477.82 ",divorced,tertiary,no,yes,cellular,37,2,unknown,no,A03709
3710,Eric  Rose,Female,25,California,Other,14.Dec.2017,"$58,766.81 ",married,secondary,yes,no,cellular,354,2,unknown,no,A03710
3711,Sylvester  Morales,Female,39,California,White Collar,14.Dec.2017,"$41,365.09 ",married,tertiary,no,no,cellular,203,1,other,no,A03711
3712,Jenny  Garcia,Female,41,California,White Collar,14.Dec.2017,"$1,367.01 ",married,secondary,no,no,unknown,152,1,unknown,no,A03712
3713,Arturo  Francis,Female,35,California,White Collar,14.Dec.2017,"$29,636.72 ",married,primary,yes,no,unknown,41,5,unknown,no,A03713
3714,Robert  Munoz,Male,28,California,White Collar,14.Dec.2017,"$77,541.31 ",married,secondary,no,no,cellular,20,5,unknown,no,A03714
3715,Dan  Peterson,Female,36,California,White Collar,14.Dec.2017,"$187,596.18 ",divorced,tertiary,yes,no,cellular,277,1,success,no,A03715
3716,Drew  Rogers,Male,36,California,Blue Collar,14.Dec.2017,"$70,123.07 ",married,secondary,no,no,unknown,83,2,unknown,no,A03716
3717,Ellen  Weaver,Male,38,Nevada,Other,14.Dec.2017,"$10,772.84 ",divorced,secondary,yes,no,unknown,531,1,unknown,no,A03717
3718,Kyle  Carr,Male,38,Nevada,Other,14.Dec.2017,"$81,831.90 ",married,tertiary,no,no,telephone,91,5,unknown,no,A03718
3719,Cassandra  Franklin,Male,48,Nevada,Blue Collar,14.Dec.2017,"$48,375.78 ",divorced,unknown,yes,no,unknown,315,1,unknown,no,A03719
3720,Shari  Silva,Male,49,Nevada,Other,14.Dec.2017,"$29,732.69 ",single,tertiary,no,no,cellular,70,9,unknown,no,A03720
3721,Sandra  Floyd,Male,57,Nevada,Blue Collar,14.Dec.2017,"$19,189.13 ",married,secondary,yes,no,cellular,384,1,unknown,no,A03721
3722,Andrew  Meyer,Male,37,Nevada,Blue Collar,14.Dec.2017,"$13,756.22 ",married,secondary,no,yes,unknown,105,3,unknown,no,A03722
3723,Rachel  Gomez,Male,61,Nevada,Blue Collar,14.Dec.2017,"$62,762.85 ",married,secondary,yes,no,unknown,305,2,unknown,no,A03723
3724,Max  Rodgers,Male,46,Wyoming,Blue Collar,14.Dec.2017,"$4,479.42 ",single,secondary,yes,no,cellular,158,2,unknown,yes,A03724
3725,Marion  Glover,Female,36,Wyoming,White Collar,14.Dec.2017,"$36,985.21 ",divorced,secondary,yes,no,cellular,199,1,failure,no,A03725
3726,Willie  Vega,Female,38,Wyoming,White Collar,14.Dec.2017,"$46,110.42 ",married,primary,yes,no,unknown,25,1,unknown,no,A03726
3727,Brooke  Horton,Male,31,California,White Collar,15.Dec.2017,"$62,759.55 ",married,unknown,yes,no,unknown,147,1,unknown,no,A03727
3728,Della  Jensen,Male,35,California,Other,15.Dec.2017,"$39,891.06 ",single,secondary,yes,no,cellular,538,8,unknown,no,A03728
3729,Rachel  Gomez,Male,33,California,White Collar,15.Dec.2017,"$33,504.22 ",married,secondary,no,no,cellular,77,9,unknown,no,A03729
3730,Andrew  Meyer,Female,40,California,White Collar,15.Dec.2017,"$45,991.64 ",married,primary,no,no,cellular,94,2,unknown,no,A03730
3731,Jenny  Garcia,Female,42,California,White Collar,15.Dec.2017,"$127,174.54 ",married,secondary,yes,no,unknown,1721,2,unknown,yes,A03731
3732,Felicia  Jennings,Female,34,California,White Collar,15.Dec.2017,"$214,744.22 ",married,secondary,no,no,cellular,143,1,failure,no,A03732
3733,Sonya  Mullins,Female,28,California,Blue Collar,15.Dec.2017,"$20,324.97 ",single,secondary,no,yes,cellular,104,1,unknown,no,A03733
3734,Shari  Silva,Male,43,California,White Collar,15.Dec.2017,"$136,521.75 ",divorced,tertiary,yes,no,cellular,587,2,unknown,yes,A03734
3735,Della  Jensen,Male,32,California,White Collar,15.Dec.2017,"$94,187.22 ",married,secondary,yes,no,cellular,1608,13,unknown,yes,A03735
3736,Andrew  Meyer,Male,33,California,White Collar,15.Dec.2017,"$99,181.57 ",married,tertiary,yes,no,cellular,48,4,unknown,no,A03736
3737,Trevor  Jones,Male,34,California,White Collar,15.Dec.2017,"$5,269.18 ",married,tertiary,yes,no,cellular,74,1,unknown,no,A03737
3738,Dan  Peterson,Male,24,California,White Collar,15.Dec.2017,"$97,122.30 ",married,secondary,no,no,cellular,427,1,unknown,no,A03738
3739,Tiffany  May,Male,57,Nevada,Blue Collar,15.Dec.2017,"$94,070.10 ",married,primary,yes,no,cellular,73,1,unknown,no,A03739
3740,Iris  Underwood,Female,42,Nevada,Blue Collar,15.Dec.2017,"$22,652.42 ",married,tertiary,yes,no,unknown,14,21,unknown,no,A03740
3741,Trevor  Jones,Male,49,Nevada,Other,15.Dec.2017,"$128,212.94 ",divorced,primary,yes,no,cellular,725,1,unknown,yes,A03741
3742,Edwin  Malone,Male,22,Wyoming,White Collar,15.Dec.2017,"$60,698.37 ",married,primary,yes,no,cellular,333,2,unknown,no,A03742
3743,Marion  Glover,Male,19,Oregon,Other,15.Dec.2017,"$75,465.66 ",married,tertiary,no,no,cellular,244,6,unknown,no,A03743
3744,Salvador  Bass,Male,36,California,White Collar,16.Dec.2017,"$91,083.63 ",single,secondary,yes,yes,telephone,519,1,other,yes,A03744
3745,Colleen  Warren,Female,26,California,White Collar,16.Dec.2017,"$5,929.93 ",single,secondary,yes,no,cellular,242,7,unknown,no,A03745
3746,Max  Rodgers,Female,35,California,White Collar,16.Dec.2017,"$42,011.84 ",single,secondary,yes,no,cellular,222,1,unknown,no,A03746
3747,Jaime  Pearson,Female,37,California,Blue Collar,16.Dec.2017,"$91,250.22 ",married,tertiary,yes,no,cellular,130,2,failure,no,A03747
3748,Tracy  Reed,Male,38,California,Other,16.Dec.2017,"$84,351.72 ",married,secondary,yes,yes,cellular,490,1,unknown,no,A03748
3749,Della  Jensen,Female,45,California,Other,16.Dec.2017,"$93,326.18 ",married,tertiary,no,no,cellular,258,2,unknown,no,A03749
3750,Salvador  Bass,Male,29,California,White Collar,16.Dec.2017,"$41,767.42 ",married,tertiary,no,no,cellular,337,2,unknown,no,A03750
3751,Salvador  Bass,Female,37,California,White Collar,16.Dec.2017,"$121,466.00 ",divorced,unknown,no,no,telephone,220,7,failure,no,A03751
3752,Tracy  Reed,Female,33,California,White Collar,16.Dec.2017,"$72,707.82 ",married,secondary,no,no,cellular,79,2,success,no,A03752
3753,Max  Rodgers,Male,30,California,Blue Collar,16.Dec.2017,"$10,421.39 ",married,secondary,yes,no,telephone,250,1,unknown,no,A03753
3754,Donna  Reid,Male,36,California,White Collar,16.Dec.2017,"$99,282.03 ",married,secondary,yes,no,cellular,130,1,unknown,no,A03754
3755,Elvira  Bowman,Female,45,California,White Collar,16.Dec.2017,"$104,185.76 ",single,tertiary,no,no,cellular,882,8,unknown,yes,A03755
3756,Billie  Chandler,Female,45,California,White Collar,16.Dec.2017,"$2,146.51 ",single,secondary,yes,yes,cellular,515,1,other,no,A03756
3757,Kyle  Carr,Female,38,California,White Collar,16.Dec.2017,"$5,784.00 ",married,secondary,yes,no,cellular,238,3,failure,no,A03757
3758,Jenny  Garcia,Male,30,California,White Collar,16.Dec.2017,"$43,929.33 ",single,tertiary,no,no,telephone,32,2,unknown,no,A03758
3759,Rachel  Gomez,Female,34,California,Blue Collar,16.Dec.2017,"$136,303.69 ",married,secondary,yes,no,unknown,907,2,unknown,no,A03759
3760,Edwin  Malone,Female,27,California,White Collar,16.Dec.2017,"$64,031.01 ",married,primary,no,no,unknown,162,1,unknown,no,A03760
3761,Rachel  Gomez,Male,33,California,White Collar,16.Dec.2017,"$173,994.96 ",married,tertiary,no,no,unknown,70,2,unknown,no,A03761
3762,Ruben  Nunez,Male,35,California,White Collar,16.Dec.2017,"$51,308.07 ",single,secondary,yes,no,unknown,99,6,unknown,no,A03762
3763,Marion  Glover,Female,44,California,Other,16.Dec.2017,"$21,735.64 ",married,secondary,yes,no,unknown,325,1,unknown,no,A03763
3764,Woodrow  Colon,Female,34,California,Blue Collar,16.Dec.2017,"$61,288.60 ",married,secondary,no,yes,cellular,305,12,unknown,no,A03764
3765,Fernando  Rowe,Male,33,California,White Collar,16.Dec.2017,"$103,604.76 ",married,secondary,yes,no,cellular,631,1,unknown,no,A03765
3766,Dan  Peterson,Female,60,Nevada,Other,16.Dec.2017,"$101,362.49 ",divorced,secondary,no,no,cellular,169,1,failure,yes,A03766
3767,Christina  Fuller,Female,40,Nevada,Other,16.Dec.2017,"$24,579.52 ",single,secondary,yes,no,cellular,61,2,unknown,no,A03767
3768,Donna  Reid,Male,56,Nevada,Blue Collar,16.Dec.2017,"$139,049.70 ",married,secondary,no,no,cellular,256,2,unknown,no,A03768
3769,Elbert  Klein,Male,61,Nevada,Other,16.Dec.2017,"$82,717.10 ",single,tertiary,no,no,unknown,58,3,unknown,no,A03769
3770,Nellie  Joseph,Female,55,Nevada,Blue Collar,16.Dec.2017,"$49,939.67 ",married,primary,yes,no,unknown,142,3,unknown,no,A03770
3771,Sylvester  Morales,Male,25,Nevada,Blue Collar,16.Dec.2017,"$18,348.58 ",single,tertiary,yes,no,telephone,36,6,other,no,A03771
3772,Drew  Rogers,Male,53,Nevada,Blue Collar,16.Dec.2017,"$170,237.16 ",married,tertiary,no,no,cellular,106,1,unknown,yes,A03772
3773,Marian  Hill,Male,43,Nevada,Blue Collar,16.Dec.2017,"$66,225.01 ",single,tertiary,no,no,cellular,71,4,unknown,no,A03773
3774,Lula  Daniels,Male,51,Nevada,Blue Collar,16.Dec.2017,"$80,856.55 ",married,secondary,no,no,cellular,132,6,unknown,no,A03774
3775,Edwin  Malone,Male,29,Wyoming,Blue Collar,16.Dec.2017,"$44,638.87 ",married,secondary,yes,no,unknown,120,1,unknown,no,A03775
3776,Jaime  Pearson,Female,37,Wyoming,White Collar,16.Dec.2017,"$138,734.81 ",divorced,tertiary,no,no,cellular,181,2,failure,no,A03776
3777,Marian  Hill,Female,36,Wyoming,Other,16.Dec.2017,"$90,210.19 ",divorced,secondary,no,no,unknown,152,2,unknown,no,A03777
3778,Isabel  Cross,Female,45,Wyoming,Other,16.Dec.2017,"$129,066.88 ",single,secondary,yes,no,unknown,302,1,unknown,no,A03778
3779,Felicia  Jennings,Female,32,Wyoming,White Collar,16.Dec.2017,"$40,707.43 ",married,tertiary,no,no,cellular,93,3,unknown,yes,A03779
3780,Pauline  Beck,Male,36,California,Blue Collar,17.Dec.2017,"$60,787.57 ",married,secondary,no,no,unknown,235,2,unknown,no,A03780
3781,Isabel  Cross,Male,32,California,White Collar,17.Dec.2017,"$64,113.10 ",single,tertiary,no,no,cellular,129,1,unknown,yes,A03781
3782,Cassandra  Franklin,Female,32,California,White Collar,17.Dec.2017,"$76,827.12 ",married,primary,yes,no,cellular,94,2,unknown,no,A03782
3783,Salvador  Bass,Male,32,California,White Collar,17.Dec.2017,"$54,895.34 ",married,secondary,yes,no,cellular,310,1,unknown,no,A03783
3784,Kyle  Carr,Male,40,California,White Collar,17.Dec.2017,"$5,805.28 ",married,secondary,yes,no,cellular,195,7,unknown,no,A03784
3785,Dan  Peterson,Female,26,California,White Collar,17.Dec.2017,"$124,434.88 ",single,secondary,yes,no,unknown,196,1,unknown,no,A03785
3786,Elvira  Bowman,Male,35,California,White Collar,17.Dec.2017,"$205,941.24 ",single,primary,yes,no,unknown,93,1,unknown,no,A03786
3787,Della  Jensen,Male,32,California,Blue Collar,17.Dec.2017,"$25,456.43 ",married,secondary,no,no,telephone,394,2,unknown,yes,A03787
3788,Eric  Rose,Female,29,California,White Collar,17.Dec.2017,"$7,926.99 ",married,secondary,yes,no,cellular,288,3,unknown,no,A03788
3789,Kyle  Carr,Male,25,California,Other,17.Dec.2017,"$66,439.30 ",married,secondary,yes,no,cellular,208,2,unknown,no,A03789
3790,Bethany  Pena,Female,49,Nevada,Other,17.Dec.2017,"$11,750.64 ",married,tertiary,no,no,cellular,508,1,unknown,yes,A03790
3791,Sylvester  Morales,Female,49,Nevada,Other,17.Dec.2017,"$8,926.00 ",single,primary,no,no,cellular,86,2,unknown,no,A03791
3792,Johanna  Boone,Male,54,Nevada,Blue Collar,17.Dec.2017,"$38,456.48 ",married,secondary,yes,no,cellular,189,1,unknown,no,A03792
3793,Andrew  Meyer,Female,55,Nevada,Other,17.Dec.2017,"$150,737.40 ",married,secondary,no,no,unknown,249,2,unknown,no,A03793
3794,Elvira  Bowman,Male,60,Nevada,Blue Collar,17.Dec.2017,"$33,011.85 ",married,primary,yes,no,cellular,450,1,unknown,no,A03794
3795,Shari  Silva,Male,48,Nevada,Blue Collar,17.Dec.2017,"$4,238.48 ",single,unknown,yes,no,cellular,680,1,failure,no,A03795
3796,Bernadette  Page,Male,48,Nevada,Other,17.Dec.2017,"$81,502.64 ",married,secondary,yes,no,unknown,175,2,unknown,no,A03796
3797,Sandra  Floyd,Male,39,California,White Collar,18.Dec.2017,"$82,767.12 ",married,primary,no,no,cellular,479,1,unknown,yes,A03797
3798,Marian  Hill,Male,31,California,White Collar,18.Dec.2017,"$48,197.19 ",single,tertiary,no,no,cellular,270,3,other,no,A03798
3799,Kyle  Carr,Female,36,California,White Collar,18.Dec.2017,"$30,229.06 ",single,tertiary,no,no,cellular,164,1,unknown,no,A03799
3800,Isabel  Cross,Male,32,California,Other,18.Dec.2017,"$7,437.22 ",married,secondary,yes,no,cellular,158,1,success,no,A03800
3801,Iris  Underwood,Female,54,Nevada,Other,18.Dec.2017,"$91,699.36 ",married,secondary,no,no,cellular,50,4,unknown,no,A03801
3802,Willie  Vega,Female,46,Nevada,White Collar,18.Dec.2017,"$15,512.37 ",married,secondary,no,no,cellular,80,2,unknown,no,A03802
3803,Jenny  Garcia,Female,44,Nevada,Other,18.Dec.2017,"$90,214.49 ",married,tertiary,no,no,cellular,45,1,unknown,no,A03803
3804,Woodrow  Colon,Male,34,Wyoming,White Collar,18.Dec.2017,"$60,267.28 ",single,secondary,no,no,cellular,220,2,unknown,no,A03804
3805,Robert  Munoz,Female,36,California,Blue Collar,19.Dec.2017,"$132,770.85 ",single,secondary,yes,no,unknown,161,2,unknown,no,A03805
3806,Bernadette  Page,Female,22,California,White Collar,19.Dec.2017,"$23,301.60 ",married,secondary,no,no,unknown,98,1,unknown,no,A03806
3807,Dan  Peterson,Male,23,California,White Collar,19.Dec.2017,"$102,250.57 ",married,secondary,no,yes,unknown,79,1,unknown,no,A03807
3808,Herman  Williams,Male,35,California,White Collar,19.Dec.2017,"$60,162.51 ",married,primary,yes,yes,unknown,157,2,unknown,no,A03808
3809,Bethany  Pena,Female,37,California,White Collar,19.Dec.2017,"$47,957.57 ",single,secondary,yes,no,cellular,339,1,unknown,no,A03809
3810,Rachel  Gomez,Female,23,California,White Collar,19.Dec.2017,"$70,318.15 ",married,secondary,yes,no,unknown,274,2,unknown,no,A03810
3811,Elaine  Ellis,Female,30,California,White Collar,19.Dec.2017,"$24,928.58 ",married,primary,yes,no,unknown,977,1,unknown,no,A03811
3812,Elvira  Bowman,Male,32,California,White Collar,19.Dec.2017,"$83,929.34 ",divorced,tertiary,no,yes,unknown,127,2,unknown,no,A03812
3813,Della  Jensen,Female,48,California,White Collar,19.Dec.2017,"$67,411.60 ",single,primary,yes,no,unknown,329,4,unknown,no,A03813
3814,Lynette  Brewer,Male,29,California,White Collar,19.Dec.2017,"$38,305.63 ",single,secondary,no,no,telephone,1441,3,unknown,no,A03814
3815,Trevor  Jones,Female,36,California,White Collar,19.Dec.2017,"$45,676.55 ",single,secondary,yes,no,unknown,231,1,unknown,no,A03815
3816,Marion  Glover,Female,37,California,White Collar,19.Dec.2017,"$41,729.34 ",married,tertiary,yes,no,cellular,96,2,failure,no,A03816
3817,Lorraine  Gibson,Male,29,California,White Collar,19.Dec.2017,"$76,475.01 ",married,secondary,yes,no,cellular,213,1,failure,no,A03817
3818,Sonya  Mullins,Female,46,California,Other,19.Dec.2017,"$106,352.31 ",married,secondary,yes,no,cellular,335,1,unknown,yes,A03818
3819,Willie  Vega,Male,40,California,White Collar,19.Dec.2017,"$14,603.66 ",divorced,secondary,yes,no,cellular,959,3,other,yes,A03819
3820,Cassandra  Franklin,Male,39,California,White Collar,19.Dec.2017,"$16,453.37 ",divorced,secondary,yes,no,cellular,429,3,unknown,yes,A03820
3821,Max  Rodgers,Male,45,Nevada,Blue Collar,19.Dec.2017,"$3,854.87 ",single,tertiary,no,no,cellular,383,6,unknown,no,A03821
3822,Herman  Williams,Male,53,Nevada,White Collar,19.Dec.2017,"$64,717.52 ",married,secondary,yes,no,unknown,40,1,unknown,no,A03822
3823,Mable  Lindsey,Male,42,Nevada,Other,19.Dec.2017,"$46,152.85 ",married,primary,yes,no,unknown,110,2,unknown,no,A03823
3824,Drew  Rogers,Female,42,Nevada,Other,19.Dec.2017,"$83,782.37 ",married,secondary,no,no,unknown,326,1,unknown,no,A03824
3825,Cecilia  Manning,Male,58,Nevada,Blue Collar,19.Dec.2017,"$15,274.93 ",divorced,unknown,yes,no,unknown,179,3,unknown,no,A03825
3826,Iris  Underwood,Female,33,Wyoming,White Collar,19.Dec.2017,"$114,369.69 ",married,secondary,yes,yes,cellular,132,8,unknown,no,A03826
3827,Marian  Hill,Female,28,Wyoming,White Collar,19.Dec.2017,"$73,235.21 ",married,secondary,yes,yes,cellular,95,1,unknown,no,A03827
3828,Della  Jensen,Female,42,California,Other,20.Dec.2017,"$91,691.82 ",married,tertiary,yes,yes,cellular,248,2,unknown,no,A03828
3829,Salvador  Bass,Female,34,California,White Collar,20.Dec.2017,"$5,495.39 ",married,unknown,yes,no,cellular,100,3,failure,no,A03829
3830,Cassandra  Franklin,Female,24,California,White Collar,20.Dec.2017,"$88,949.40 ",divorced,secondary,yes,no,unknown,226,10,unknown,no,A03830
3831,Shari  Silva,Female,36,California,White Collar,20.Dec.2017,"$23,588.61 ",married,tertiary,no,yes,unknown,174,3,unknown,no,A03831
3832,Della  Jensen,Male,44,California,Blue Collar,20.Dec.2017,"$241,069.90 ",single,tertiary,yes,no,cellular,29,3,failure,no,A03832
3833,Rachel  Gomez,Female,34,California,White Collar,20.Dec.2017,"$6,417.84 ",married,secondary,yes,no,unknown,176,2,unknown,no,A03833
3834,Iris  Underwood,Female,28,California,Other,20.Dec.2017,"$102,683.76 ",divorced,secondary,yes,no,cellular,106,2,unknown,no,A03834
3835,Ben  Perez,Female,27,California,White Collar,20.Dec.2017,"$83,031.03 ",married,secondary,yes,no,cellular,136,1,failure,no,A03835
3836,Trevor  Jones,Female,34,California,Blue Collar,20.Dec.2017,"$23,382.96 ",single,tertiary,no,no,cellular,110,2,success,yes,A03836
3837,Sandra  Floyd,Female,31,California,White Collar,20.Dec.2017,"$73,024.61 ",married,secondary,no,no,cellular,230,3,unknown,no,A03837
3838,Don  Gonzales,Male,36,California,White Collar,20.Dec.2017,"$62,926.12 ",single,unknown,no,no,unknown,140,7,unknown,no,A03838
3839,Christy  Olson,Male,49,Nevada,Other,20.Dec.2017,"$66,045.01 ",married,secondary,yes,no,unknown,118,2,unknown,no,A03839
3840,Bernadette  Page,Female,46,Nevada,Other,20.Dec.2017,"$23,102.13 ",divorced,secondary,yes,yes,cellular,151,10,unknown,no,A03840
3841,Drew  Rogers,Male,46,Nevada,Blue Collar,20.Dec.2017,"$130,573.09 ",married,secondary,yes,no,telephone,693,2,unknown,no,A03841
3842,Joey  Wong,Male,54,Nevada,Blue Collar,20.Dec.2017,"$12,261.55 ",married,secondary,no,no,cellular,31,1,unknown,no,A03842
3843,Donna  Reid,Male,39,Nevada,Blue Collar,20.Dec.2017,$263.12 ,divorced,tertiary,no,no,cellular,125,2,unknown,no,A03843
3844,Sylvester  Morales,Female,42,Nevada,Other,20.Dec.2017,"$1,585.39 ",married,primary,yes,yes,cellular,670,4,success,yes,A03844
3845,Drew  Rogers,Male,34,Wyoming,White Collar,20.Dec.2017,"$93,023.45 ",married,secondary,yes,no,cellular,454,2,failure,yes,A03845
3846,Shari  Silva,Female,35,Wyoming,Other,20.Dec.2017,"$63,794.04 ",married,secondary,yes,yes,unknown,159,3,unknown,no,A03846
3847,Johanna  Boone,Female,34,Oregon,White Collar,20.Dec.2017,"$130,840.54 ",married,secondary,no,no,cellular,504,2,unknown,no,A03847
3848,Salvador  Bass,Female,52,Oregon,Other,20.Dec.2017,"$177,128.30 ",divorced,secondary,no,no,telephone,29,28,unknown,no,A03848
3849,Della  Jensen,Female,32,California,Blue Collar,21.Dec.2017,"$15,652.88 ",single,tertiary,yes,no,cellular,190,1,failure,no,A03849
3850,Rachel  Gomez,Female,38,California,White Collar,21.Dec.2017,"$4,244.84 ",married,secondary,yes,no,unknown,332,2,unknown,no,A03850
3851,Fernando  Rowe,Female,26,California,White Collar,21.Dec.2017,"$81,977.84 ",married,primary,yes,no,telephone,143,4,failure,no,A03851
3852,Drew  Rogers,Male,34,California,Blue Collar,21.Dec.2017,"$53,760.49 ",single,secondary,no,no,cellular,77,1,other,no,A03852
3853,Rachel  Gomez,Male,28,California,Blue Collar,21.Dec.2017,"$81,279.93 ",married,secondary,no,no,cellular,517,4,unknown,no,A03853
3854,Willie  Vega,Female,22,California,White Collar,21.Dec.2017,"$120,398.00 ",married,secondary,no,yes,cellular,2029,1,unknown,yes,A03854
3855,Pauline  Beck,Male,27,California,White Collar,21.Dec.2017,"$33,618.61 ",married,tertiary,yes,no,cellular,269,1,unknown,no,A03855
3856,Max  Rodgers,Male,37,California,Blue Collar,21.Dec.2017,"$34,489.39 ",married,secondary,no,no,cellular,457,2,unknown,no,A03856
3857,Brooke  Horton,Male,50,Nevada,Blue Collar,21.Dec.2017,"$56,398.73 ",married,primary,no,yes,cellular,184,1,unknown,no,A03857
3858,Ivan  Adkins,Female,43,Nevada,Other,21.Dec.2017,"$4,919.90 ",married,tertiary,yes,no,cellular,47,4,unknown,no,A03858
3859,Trevor  Jones,Male,33,Nevada,White Collar,21.Dec.2017,$976.67 ,married,secondary,yes,no,unknown,158,2,unknown,no,A03859
3860,Sonya  Mullins,Male,61,Nevada,Blue Collar,21.Dec.2017,"$53,952.75 ",married,primary,no,no,telephone,168,3,unknown,no,A03860
3861,Cecilia  Manning,Male,56,Nevada,Blue Collar,21.Dec.2017,"$1,103.30 ",married,secondary,yes,no,cellular,50,1,unknown,no,A03861
3862,Rachel  Gomez,Male,42,Nevada,Blue Collar,21.Dec.2017,"$62,669.33 ",married,secondary,no,yes,cellular,757,4,unknown,no,A03862
3863,Della  Jensen,Male,54,Nevada,Blue Collar,21.Dec.2017,"$44,431.33 ",married,secondary,yes,yes,cellular,93,4,unknown,no,A03863
3864,Pauline  Beck,Female,37,Wyoming,Blue Collar,21.Dec.2017,"$151,539.90 ",married,secondary,no,no,cellular,285,2,unknown,no,A03864
3865,Ivan  Adkins,Male,36,California,White Collar,22.Dec.2017,"$11,535.57 ",married,secondary,yes,no,cellular,390,1,unknown,no,A03865
3866,Donna  Reid,Female,38,California,Blue Collar,22.Dec.2017,"$140,535.36 ",married,secondary,yes,no,cellular,146,2,unknown,no,A03866
3867,Isabel  Cross,Male,30,California,Blue Collar,22.Dec.2017,"$161,528.19 ",single,secondary,yes,no,unknown,386,1,unknown,no,A03867
3868,Paulette  Spencer,Male,37,California,Blue Collar,22.Dec.2017,"$25,866.24 ",married,tertiary,no,no,cellular,145,7,unknown,no,A03868
3869,Mable  Lindsey,Male,27,California,White Collar,22.Dec.2017,"$52,911.01 ",single,secondary,no,yes,cellular,230,1,unknown,no,A03869
3870,Max  Rodgers,Female,60,Nevada,Other,22.Dec.2017,"$42,597.24 ",divorced,tertiary,no,no,cellular,237,2,failure,no,A03870
3871,Brooke  Horton,Female,44,Nevada,Other,22.Dec.2017,"$21,842.34 ",single,primary,no,no,cellular,474,2,unknown,no,A03871
3872,Christy  Olson,Male,45,Wyoming,White Collar,22.Dec.2017,"$42,510.84 ",married,secondary,yes,no,unknown,350,4,unknown,no,A03872
3873,Eddie  Green,Male,38,California,White Collar,23.Dec.2017,"$107,986.60 ",single,secondary,yes,no,cellular,487,7,unknown,no,A03873
3874,Lula  Daniels,Female,34,California,Blue Collar,23.Dec.2017,"$48,804.54 ",married,unknown,no,no,unknown,1009,2,unknown,no,A03874
3875,Della  Jensen,Female,37,California,White Collar,23.Dec.2017,"$9,118.30 ",single,tertiary,no,no,cellular,87,1,success,yes,A03875
3876,Jenny  Garcia,Male,26,California,Other,23.Dec.2017,"$148,718.12 ",married,secondary,yes,yes,telephone,82,3,unknown,no,A03876
3877,Lance  Yates,Male,29,California,White Collar,23.Dec.2017,"$35,764.60 ",single,secondary,yes,no,cellular,183,1,unknown,no,A03877
3878,Colleen  Warren,Female,25,California,White Collar,23.Dec.2017,"$7,642.06 ",married,secondary,no,no,telephone,139,5,unknown,no,A03878
3879,Austin  Reynolds,Female,36,California,White Collar,23.Dec.2017,"$56,244.36 ",single,secondary,yes,no,unknown,115,3,unknown,no,A03879
3880,Lance  Yates,Male,21,California,White Collar,23.Dec.2017,"$27,622.57 ",single,tertiary,no,no,cellular,124,2,unknown,no,A03880
3881,Lance  Yates,Female,36,California,White Collar,23.Dec.2017,"$70,733.69 ",single,tertiary,yes,no,unknown,633,28,unknown,no,A03881
3882,Beth  Tucker,Female,35,California,Blue Collar,23.Dec.2017,$249.54 ,single,secondary,no,no,telephone,718,1,unknown,yes,A03882
3883,Trevor  Jones,Male,38,California,White Collar,23.Dec.2017,"$41,766.16 ",married,tertiary,yes,no,cellular,63,1,unknown,no,A03883
3884,Cassandra  Franklin,Female,30,California,White Collar,23.Dec.2017,"$25,652.57 ",married,secondary,no,no,cellular,180,1,failure,no,A03884
3885,Arturo  Francis,Female,29,California,White Collar,23.Dec.2017,$145.81 ,married,tertiary,no,no,cellular,47,1,failure,no,A03885
3886,Billie  Chandler,Female,33,California,Blue Collar,23.Dec.2017,"$67,963.93 ",married,secondary,yes,no,cellular,391,1,unknown,no,A03886
3887,Della  Jensen,Female,38,California,White Collar,23.Dec.2017,"$45,822.07 ",single,tertiary,no,yes,unknown,85,3,unknown,no,A03887
3888,Cassandra  Franklin,Male,31,California,White Collar,23.Dec.2017,"$73,032.09 ",single,tertiary,yes,no,cellular,373,1,unknown,no,A03888
3889,Eric  Rose,Female,36,California,White Collar,23.Dec.2017,"$7,262.81 ",divorced,secondary,no,no,cellular,289,2,unknown,no,A03889
3890,Willie  Vega,Male,40,California,White Collar,23.Dec.2017,"$94,507.10 ",single,tertiary,no,no,telephone,805,1,other,yes,A03890
3891,Blake  Bridges,Female,37,California,White Collar,23.Dec.2017,"$59,213.21 ",divorced,primary,yes,no,cellular,623,1,success,yes,A03891
3892,Sandra  Floyd,Female,35,California,White Collar,23.Dec.2017,"$38,970.82 ",married,secondary,yes,no,unknown,483,1,unknown,no,A03892
3893,Drew  Rogers,Female,20,California,White Collar,23.Dec.2017,"$51,532.90 ",divorced,tertiary,yes,no,unknown,26,2,unknown,no,A03893
3894,Ernest  Davis,Male,38,California,White Collar,23.Dec.2017,"$69,645.07 ",married,secondary,yes,no,unknown,112,3,unknown,no,A03894
3895,Jaime  Pearson,Male,38,California,White Collar,23.Dec.2017,"$46,750.67 ",single,tertiary,yes,no,cellular,213,2,unknown,no,A03895
3896,Nellie  Joseph,Male,31,California,White Collar,23.Dec.2017,"$114,072.87 ",married,secondary,yes,no,cellular,129,1,unknown,no,A03896
3897,Iris  Underwood,Male,48,Nevada,Blue Collar,23.Dec.2017,"$4,463.69 ",married,primary,no,no,cellular,330,1,success,yes,A03897
3898,Joey  Wong,Male,58,Nevada,Blue Collar,23.Dec.2017,"$17,797.10 ",married,primary,no,no,unknown,104,1,unknown,no,A03898
3899,Rachel  Gomez,Male,53,Nevada,Blue Collar,23.Dec.2017,"$1,014.27 ",married,primary,no,no,unknown,184,1,unknown,no,A03899
3900,Max  Rodgers,Male,30,Nevada,Other,23.Dec.2017,"$40,026.06 ",single,tertiary,no,no,cellular,120,3,unknown,no,A03900
3901,Lorraine  Gibson,Male,45,Nevada,Blue Collar,23.Dec.2017,"$4,554.34 ",single,secondary,yes,no,unknown,159,4,unknown,no,A03901
3902,Lynette  Brewer,Female,56,Nevada,Other,23.Dec.2017,"$98,821.33 ",married,secondary,yes,no,unknown,391,3,unknown,no,A03902
3903,Kyle  Carr,Female,37,Nevada,Other,23.Dec.2017,"$89,037.01 ",married,secondary,yes,no,cellular,112,2,unknown,no,A03903
3904,Allan  Ramos,Female,57,Nevada,Other,23.Dec.2017,"$57,512.18 ",married,primary,yes,no,unknown,76,1,unknown,no,A03904
3905,Della  Jensen,Male,44,Nevada,Blue Collar,23.Dec.2017,"$6,881.28 ",married,secondary,yes,no,unknown,189,2,unknown,no,A03905
3906,Charlie  Wood,Female,58,Nevada,Other,23.Dec.2017,"$89,463.72 ",married,secondary,no,no,unknown,94,1,unknown,no,A03906
3907,Brooke  Horton,Male,56,Nevada,Other,23.Dec.2017,"$113,846.84 ",married,primary,yes,no,unknown,184,3,unknown,no,A03907
3908,Tiffany  May,Female,28,Wyoming,White Collar,23.Dec.2017,"$53,084.58 ",married,tertiary,yes,no,cellular,100,2,unknown,no,A03908
3909,Ruben  Nunez,Male,37,Wyoming,White Collar,23.Dec.2017,"$55,944.78 ",married,tertiary,yes,no,cellular,57,1,unknown,no,A03909
3910,Eddie  Green,Male,24,Wyoming,Other,23.Dec.2017,"$11,270.91 ",married,tertiary,yes,no,cellular,525,3,unknown,yes,A03910
3911,Ruben  Nunez,Female,36,Wyoming,Blue Collar,23.Dec.2017,"$81,301.55 ",married,secondary,yes,no,cellular,60,1,unknown,no,A03911
3912,Woodrow  Colon,Female,38,Wyoming,White Collar,23.Dec.2017,"$23,037.97 ",married,secondary,yes,no,unknown,251,11,unknown,no,A03912
3913,Kyle  Carr,Male,29,California,Other,24.Dec.2017,"$25,368.21 ",married,secondary,yes,no,unknown,251,3,unknown,no,A03913
3914,Shari  Silva,Male,37,California,White Collar,24.Dec.2017,"$111,391.07 ",married,primary,no,no,cellular,219,6,unknown,no,A03914
3915,Beth  Tucker,Female,29,California,White Collar,24.Dec.2017,"$40,002.73 ",married,tertiary,no,no,cellular,976,12,unknown,yes,A03915
3916,Charlie  Wood,Female,39,California,Blue Collar,24.Dec.2017,"$34,638.45 ",single,tertiary,no,yes,cellular,46,1,unknown,no,A03916
3917,Edwin  Malone,Female,29,California,White Collar,24.Dec.2017,"$55,918.58 ",married,tertiary,yes,no,cellular,185,3,unknown,no,A03917
3918,Edwin  Malone,Female,33,California,White Collar,24.Dec.2017,"$28,495.52 ",single,secondary,no,no,cellular,587,2,unknown,yes,A03918
3919,Ben  Perez,Male,33,California,Blue Collar,24.Dec.2017,$916.00 ,married,secondary,no,no,cellular,65,2,unknown,no,A03919
3920,Edwin  Malone,Female,42,California,White Collar,24.Dec.2017,"$47,135.39 ",married,tertiary,no,no,unknown,491,1,unknown,no,A03920
3921,Johanna  Boone,Male,37,California,White Collar,24.Dec.2017,"$53,346.48 ",married,secondary,yes,no,cellular,432,2,unknown,no,A03921
3922,Colleen  Warren,Male,36,California,White Collar,24.Dec.2017,"$64,752.51 ",married,tertiary,no,no,cellular,102,1,unknown,no,A03922
3923,Lorraine  Gibson,Male,53,Nevada,Blue Collar,24.Dec.2017,"$46,645.82 ",married,secondary,yes,no,cellular,264,1,failure,no,A03923
3924,Marian  Hill,Male,34,Nevada,Blue Collar,24.Dec.2017,"$43,760.78 ",married,primary,yes,no,cellular,75,1,failure,no,A03924
3925,Cecilia  Manning,Female,54,Nevada,Other,24.Dec.2017,"$18,090.55 ",married,secondary,yes,yes,cellular,106,2,unknown,no,A03925
3926,Salvador  Bass,Male,41,Nevada,Blue Collar,24.Dec.2017,"$130,023.27 ",married,secondary,yes,yes,cellular,81,1,unknown,no,A03926
3927,Joey  Wong,Female,40,California,White Collar,25.Dec.2017,"$46,919.19 ",married,primary,no,no,cellular,89,23,unknown,no,A03927
3928,Rachel  Gomez,Male,49,California,White Collar,25.Dec.2017,"$31,441.64 ",married,tertiary,yes,no,unknown,95,2,unknown,no,A03928
3929,Drew  Rogers,Male,32,California,White Collar,25.Dec.2017,"$3,127.84 ",married,secondary,yes,no,unknown,322,1,unknown,no,A03929
3930,Robert  Munoz,Female,34,California,White Collar,25.Dec.2017,"$32,396.63 ",married,unknown,no,no,cellular,94,5,other,no,A03930
3931,Lynette  Brewer,Male,36,California,Other,25.Dec.2017,"$5,805.87 ",divorced,secondary,no,no,cellular,417,1,other,yes,A03931
3932,Austin  Reynolds,Male,31,California,Other,25.Dec.2017,"$24,120.82 ",married,secondary,no,no,cellular,567,1,success,yes,A03932
3933,Jaime  Pearson,Female,34,California,White Collar,25.Dec.2017,"$95,039.16 ",married,tertiary,yes,yes,cellular,600,4,other,yes,A03933
3934,Woodrow  Colon,Female,33,California,White Collar,25.Dec.2017,"$44,841.84 ",single,secondary,no,no,unknown,5,1,unknown,no,A03934
3935,Robert  Munoz,Male,36,California,White Collar,25.Dec.2017,"$61,825.06 ",married,tertiary,yes,no,cellular,464,5,unknown,no,A03935
3936,Carla  Mccormick,Male,51,Nevada,Blue Collar,25.Dec.2017,"$7,518.79 ",single,tertiary,no,no,cellular,222,1,unknown,no,A03936
3937,Ben  Perez,Male,49,Nevada,Blue Collar,25.Dec.2017,$509.93 ,married,tertiary,yes,no,cellular,469,1,unknown,yes,A03937
3938,Salvador  Bass,Male,48,Nevada,White Collar,25.Dec.2017,"$5,489.55 ",married,primary,no,no,cellular,99,1,unknown,no,A03938
3939,Marian  Hill,Female,39,Nevada,Other,25.Dec.2017,"$70,151.09 ",married,secondary,yes,no,unknown,297,2,unknown,no,A03939
3940,Kyle  Carr,Male,59,Nevada,Blue Collar,25.Dec.2017,"$26,378.15 ",married,secondary,yes,no,cellular,41,3,unknown,no,A03940
3941,Cecilia  Manning,Male,59,Nevada,Other,25.Dec.2017,"$3,154.72 ",single,secondary,no,no,cellular,390,1,unknown,no,A03941
3942,Billie  Chandler,Female,37,California,White Collar,26.Dec.2017,"$54,204.72 ",married,primary,yes,no,unknown,535,2,unknown,no,A03942
3943,Iris  Underwood,Female,50,California,White Collar,26.Dec.2017,"$23,940.48 ",married,primary,no,no,cellular,269,2,unknown,yes,A03943
3944,Isabel  Cross,Male,27,California,White Collar,26.Dec.2017,"$49,943.49 ",single,secondary,yes,no,cellular,1010,3,other,no,A03944
3945,Shari  Silva,Female,41,California,Blue Collar,26.Dec.2017,"$18,556.78 ",married,tertiary,yes,no,cellular,73,6,unknown,no,A03945
3946,Arturo  Francis,Male,43,California,Other,26.Dec.2017,"$121,638.64 ",married,tertiary,yes,yes,unknown,650,1,unknown,no,A03946
3947,Robert  Munoz,Male,46,California,Blue Collar,26.Dec.2017,"$52,565.51 ",married,secondary,yes,no,unknown,53,2,unknown,no,A03947
3948,Fernando  Rowe,Male,18,California,Blue Collar,26.Dec.2017,"$5,758.07 ",married,secondary,no,yes,unknown,270,1,unknown,no,A03948
3949,Cecilia  Manning,Male,23,California,White Collar,26.Dec.2017,"$176,038.46 ",single,tertiary,yes,no,cellular,119,6,unknown,no,A03949
3950,Shari  Silva,Female,44,California,White Collar,26.Dec.2017,"$36,183.34 ",married,primary,no,no,cellular,634,2,unknown,no,A03950
3951,Peter  Hodges,Male,30,California,Other,26.Dec.2017,"$93,063.85 ",single,secondary,no,no,unknown,72,2,unknown,no,A03951
3952,Guillermo  Potter,Male,36,California,Blue Collar,26.Dec.2017,"$76,511.49 ",single,secondary,yes,no,cellular,270,1,failure,no,A03952
3953,Della  Jensen,Female,52,Nevada,Other,26.Dec.2017,"$140,591.07 ",married,primary,yes,no,cellular,165,2,failure,no,A03953
3954,Max  Rodgers,Male,56,Nevada,Other,26.Dec.2017,"$52,506.13 ",married,tertiary,no,no,cellular,164,2,unknown,no,A03954
3955,Cecilia  Manning,Male,53,Nevada,Blue Collar,26.Dec.2017,"$10,430.58 ",single,secondary,yes,no,cellular,196,1,unknown,no,A03955
3956,Salvador  Bass,Female,34,Wyoming,Blue Collar,26.Dec.2017,"$6,682.79 ",married,secondary,yes,no,cellular,78,4,unknown,no,A03956
3957,Drew  Rogers,Male,30,Wyoming,Blue Collar,26.Dec.2017,"$22,493.58 ",single,tertiary,yes,no,cellular,897,4,unknown,yes,A03957
3958,Dan  Peterson,Male,42,California,White Collar,27.Dec.2017,"$83,114.24 ",married,tertiary,no,no,cellular,22,8,unknown,no,A03958
3959,Brooke  Horton,Male,43,California,White Collar,27.Dec.2017,"$36,881.52 ",married,tertiary,yes,no,cellular,161,3,unknown,no,A03959
3960,Beth  Tucker,Male,33,California,White Collar,27.Dec.2017,"$182,527.28 ",divorced,primary,no,no,unknown,23,4,unknown,no,A03960
3961,Ellen  Weaver,Male,48,California,Other,27.Dec.2017,"$107,553.31 ",married,tertiary,yes,no,cellular,490,2,unknown,no,A03961
3962,Shari  Silva,Female,32,California,Blue Collar,27.Dec.2017,"$75,948.30 ",single,tertiary,yes,yes,cellular,359,1,unknown,yes,A03962
3963,Sylvester  Morales,Female,40,California,White Collar,27.Dec.2017,"$93,733.45 ",married,primary,yes,no,cellular,213,2,unknown,no,A03963
3964,Blake  Bridges,Male,43,California,White Collar,27.Dec.2017,"$72,043.69 ",married,unknown,no,no,cellular,122,1,unknown,no,A03964
3965,Ivan  Adkins,Female,46,California,White Collar,27.Dec.2017,"$100,012.75 ",single,secondary,yes,no,unknown,587,4,unknown,no,A03965
3966,Ruben  Nunez,Female,21,California,Blue Collar,27.Dec.2017,"$62,242.12 ",married,primary,no,no,unknown,199,6,unknown,no,A03966
3967,Salvador  Bass,Male,23,California,Blue Collar,27.Dec.2017,"$10,762.21 ",divorced,secondary,no,no,cellular,261,2,unknown,no,A03967
3968,Salvador  Bass,Female,51,Nevada,Other,27.Dec.2017,"$9,783.55 ",married,secondary,no,no,telephone,5,3,unknown,no,A03968
3969,Kyle  Carr,Female,37,Nevada,Other,27.Dec.2017,"$44,276.43 ",married,tertiary,no,no,cellular,1531,1,unknown,no,A03969
3970,Cecilia  Manning,Male,58,Nevada,Other,27.Dec.2017,"$27,147.22 ",married,primary,yes,no,unknown,92,1,unknown,no,A03970
3971,Cindy  Becker,Male,52,Nevada,Blue Collar,27.Dec.2017,"$125,048.04 ",married,tertiary,yes,yes,cellular,179,2,unknown,no,A03971
3972,Paulette  Spencer,Male,42,Nevada,Blue Collar,27.Dec.2017,"$65,212.06 ",divorced,primary,yes,no,unknown,41,1,unknown,no,A03972
3973,Willie  Vega,Male,29,Wyoming,Other,27.Dec.2017,"$20,760.07 ",married,secondary,yes,yes,cellular,197,2,failure,no,A03973
3974,Ernest  Davis,Female,31,California,White Collar,28.Dec.2017,"$40,344.73 ",single,secondary,no,no,cellular,144,5,unknown,no,A03974
3975,Brooke  Horton,Male,37,California,White Collar,28.Dec.2017,"$16,247.90 ",married,primary,no,no,unknown,255,1,unknown,no,A03975
3976,Joey  Wong,Male,36,California,White Collar,28.Dec.2017,"$37,168.81 ",married,secondary,yes,no,unknown,56,2,unknown,no,A03976
3977,Sonya  Mullins,Male,35,California,White Collar,28.Dec.2017,"$32,466.24 ",married,tertiary,yes,no,cellular,20,6,other,no,A03977
3978,Lorraine  Gibson,Male,35,California,White Collar,28.Dec.2017,"$26,947.63 ",married,tertiary,no,no,cellular,331,7,unknown,no,A03978
3979,Jaime  Pearson,Male,49,Nevada,Blue Collar,28.Dec.2017,"$73,058.22 ",married,tertiary,no,no,cellular,216,1,success,yes,A03979
3980,Lee  Mack,Female,44,Nevada,Other,28.Dec.2017,"$15,325.37 ",single,tertiary,yes,no,unknown,64,1,unknown,no,A03980
3981,Trevor  Jones,Female,43,Nevada,Other,28.Dec.2017,"$29,395.03 ",married,secondary,yes,yes,unknown,34,1,unknown,no,A03981
3982,Carla  Mccormick,Male,54,Nevada,Other,28.Dec.2017,"$42,431.64 ",single,secondary,no,no,cellular,68,1,failure,no,A03982
3983,Ernest  Davis,Female,29,Wyoming,Blue Collar,28.Dec.2017,"$38,413.36 ",married,tertiary,yes,no,unknown,764,3,unknown,no,A03983
3984,Eddie  Green,Male,25,California,White Collar,29.Dec.2017,"$7,880.18 ",divorced,tertiary,yes,no,cellular,64,1,unknown,no,A03984
3985,Tiffany  May,Male,38,California,White Collar,29.Dec.2017,"$94,990.93 ",single,secondary,yes,no,unknown,257,2,unknown,no,A03985
3986,Peter  Hodges,Male,44,California,Blue Collar,29.Dec.2017,"$88,940.76 ",married,primary,yes,no,cellular,58,3,failure,no,A03986
3987,Lee  Mack,Female,35,California,Blue Collar,29.Dec.2017,"$31,969.75 ",single,tertiary,no,no,cellular,30,3,unknown,no,A03987
3988,Christy  Olson,Female,30,California,White Collar,29.Dec.2017,"$6,820.88 ",married,secondary,yes,no,cellular,529,5,unknown,no,A03988
3989,Paulette  Spencer,Male,26,California,White Collar,29.Dec.2017,"$55,169.06 ",married,secondary,yes,no,telephone,8,7,unknown,no,A03989
3990,Elbert  Klein,Female,41,California,White Collar,29.Dec.2017,"$124,799.39 ",single,tertiary,yes,yes,unknown,147,1,unknown,no,A03990
3991,Max  Rodgers,Female,30,California,White Collar,29.Dec.2017,"$208,631.37 ",married,secondary,no,no,cellular,173,2,unknown,no,A03991
3992,Ivan  Adkins,Male,18,California,White Collar,29.Dec.2017,"$34,923.19 ",single,secondary,yes,no,unknown,132,1,unknown,no,A03992
3993,Ernest  Davis,Male,29,California,White Collar,29.Dec.2017,"$45,010.51 ",married,tertiary,no,no,unknown,286,1,unknown,no,A03993
3994,Isabel  Cross,Female,41,California,White Collar,29.Dec.2017,"$42,654.70 ",married,tertiary,no,no,unknown,476,1,unknown,no,A03994